0.01,0
0.02,0
0.03,0
0.04,0
0.05,0
0.06,0
0.07,0
0.08,0
0.09,0
0.10,0
0.11,0
0.12,0
0.13,0
0.14,0
0.15,0
0.16,0
0.17,0
0.18,0
0.19,0
0.20,0
0.21,0
0.22,0
0.23,0
0.24,0
0.25,0
0.26,0
0.27,0
0.28,0
0.29,0
0.30,0
0.31,0
0.32,0
0.33,0
0.34,0
0.35,0
0.36,0
0.37,0
0.38,0
0.39,0
0.40,0
0.41,0
0.42,0
0.43,0
0.44,0
0.45,0
0.46,0
0.47,0
0.48,0
0.49,0
0.50,0
0.51,0
0.52,0
0.53,0
0.54,0
0.55,0
0.56,0
0.57,0
0.58,0
0.59,0
0.60,0
0.61,0
0.62,0
0.63,0
0.64,0
0.65,0
0.66,0
0.67,0
0.68,0
0.69,0
0.70,0
0.71,0
0.72,0
0.73,0
0.74,0
0.75,0
0.76,0
0.77,0
0.78,0
0.79,0
0.80,0
0.81,0
0.82,0
0.83,0
0.84,0
0.85,0
0.86,0
0.87,0
0.88,0
0.89,0
0.90,0
0.91,0
0.92,0
0.93,0
0.94,0
0.95,0
0.96,0
0.97,0
0.98,0
0.99,0
1.00,0
1.01,0
1.02,0
1.03,0
1.04,0
1.05,0
1.06,0
1.07,0
1.08,0
1.09,0
1.10,0
1.11,0
1.12,0
1.13,0
1.14,0
1.15,0
1.16,0
1.17,0
1.18,0
1.19,0
1.20,0
1.21,0
1.22,0
1.23,0
1.24,0
1.25,0
1.26,0
1.27,0
1.28,0
1.29,0
1.30,0
1.31,0
1.32,0
1.33,0
1.34,0
1.35,0
1.36,0
1.37,0
1.38,0
1.39,0
1.40,0
1.41,0
1.42,0
1.43,0
1.44,0
1.45,0
1.46,0
1.47,0
1.48,0
1.49,0
1.50,0
1.51,0
1.52,0
1.53,0
1.54,0
1.55,0
1.56,0
1.57,0
1.58,0
1.59,0
1.60,0
1.61,0
1.62,0
1.63,0
1.64,0
1.65,0
1.66,0
1.67,0
1.68,0
1.69,0
1.70,0
1.71,0
1.72,0
1.73,0
1.74,0
1.75,0
1.76,0
1.77,0
1.78,0
1.79,0
1.80,0
1.81,0
1.82,0
1.83,0
1.84,0
1.85,0
1.86,0
1.87,0
1.88,0
1.89,0
1.90,0
1.91,0
1.92,0
1.93,0
1.94,0
1.95,0
1.96,0
1.97,0
1.98,0
1.99,0
2.00,0
2.01,0
2.02,0
2.03,0
2.04,0
2.05,0
2.06,0
2.07,0
2.08,0
2.09,0
2.10,0
2.11,0
2.12,0
2.13,0
2.14,0
2.15,0
2.16,0
2.17,0
2.18,0
2.19,0
2.20,0
2.21,0
2.22,0
2.23,0
2.24,0
2.25,0
2.26,0
2.27,0
2.28,0
2.29,0
2.30,0
2.31,0
2.32,0
2.33,0
2.34,0
2.35,0
2.36,0
2.37,0
2.38,0
2.39,0
2.40,0
2.41,0
2.42,0
2.43,0
2.44,0
2.45,0
2.46,0
2.47,0
2.48,0
2.49,0
2.50,0
2.51,0
2.52,0
2.53,0
2.54,0
2.55,0
2.56,1
2.57,1
2.58,1
2.59,1
2.60,2
2.61,2
2.62,2
2.63,3
2.64,3
2.65,5
2.66,6
2.67,8
2.68,10
2.69,12
2.70,15
2.71,18
2.72,22
2.73,27
2.74,32
2.75,37
2.76,43
2.77,50
2.78,58
2.79,67
2.80,76
2.81,86
2.82,96
2.83,107
2.84,119
2.85,131
2.86,144
2.87,157
2.88,171
2.89,185
2.90,199
2.91,213
2.92,227
2.93,242
2.94,256
2.95,271
2.96,287
2.97,304
2.98,321
2.99,338
3.00,356
3.01,374
3.02,392
3.03,411
3.04,429
3.05,447
3.06,465
3.07,482
3.08,500
3.09,517
3.10,534
3.11,551
3.12,568
3.13,585
3.14,602
3.15,618
3.16,634
3.17,650
3.18,666
3.19,683
3.20,699
3.21,716
3.22,733
3.23,749
3.24,766
3.25,782
3.26,797
3.27,811
3.28,824
3.29,835
3.30,845
3.31,853
3.32,860
3.33,866
3.34,872
3.35,878
3.36,882
3.37,886
3.38,890
3.39,892
3.40,893
3.41,894
3.42,894
3.43,892
3.44,890
3.45,886
3.46,881
3.47,875
3.48,867
3.49,858
3.50,848
3.51,837
3.52,824
3.53,810
3.54,795
3.55,779
3.56,763
3.57,745
3.58,726
3.59,706
3.60,685
3.61,663
3.62,640
3.63,618
3.64,599
3.65,581
3.66,563
3.67,547
3.68,531
3.69,515
3.70,500
3.71,487
3.72,474
3.73,463
3.74,455
3.75,447
3.76,442
3.77,439
3.78,438
3.79,438
3.80,441
3.81,446
3.82,454
3.83,463
3.84,474
3.85,487
3.86,503
3.87,520
3.88,538
3.89,556
3.90,575
3.91,594
3.92,613
3.93,633
3.94,652
3.95,672
3.96,691
3.97,710
3.98,729
3.99,747
4.00,765
4.01,782
4.02,799
4.03,816
4.04,832
4.05,847
4.06,861
4.07,874
4.08,886
4.09,896
4.10,906
4.11,915
4.12,923
4.13,930
4.14,937
4.15,943
4.16,950
4.17,958
4.18,965
4.19,972
4.20,978
4.21,985
4.22,991
4.23,996
4.24,1002
4.25,1007
4.26,1012
4.27,1017
4.28,1023
4.29,1028
4.30,1033
4.31,1038
4.32,1042
4.33,1046
4.34,1051
4.35,1055
4.36,1058
4.37,1062
4.38,1066
4.39,1070
4.40,1074
4.41,1077
4.42,1081
4.43,1085
4.44,1088
4.45,1092
4.46,1096
4.47,1100
4.48,1104
4.49,1108
4.50,1113
4.51,1117
4.52,1121
4.53,1125
4.54,1129
4.55,1133
4.56,1137
4.57,1141
4.58,1145
4.59,1149
4.60,1154
4.61,1158
4.62,1162
4.63,1166
4.64,1170
4.65,1174
4.66,1178
4.67,1182
4.68,1186
4.69,1190
4.70,1194
4.71,1198
4.72,1202
4.73,1206
4.74,1210
4.75,1215
4.76,1219
4.77,1224
4.78,1228
4.79,1232
4.80,1236
4.81,1240
4.82,1244
4.83,1248
4.84,1251
4.85,1255
4.86,1258
4.87,1262
4.88,1265
4.89,1269
4.90,1272
4.91,1275
4.92,1278
4.93,1280
4.94,1283
4.95,1285
4.96,1287
4.97,1290
4.98,1292
4.99,1294
5.00,1296
5.01,1298
5.02,1300
5.03,1303
5.04,1305
5.05,1307
5.06,1309
5.07,1311
5.08,1313
5.09,1314
5.10,1316
5.11,1318
5.12,1319
5.13,1321
5.14,1322
5.15,1323
5.16,1323
5.17,1323
5.18,1322
5.19,1321
5.20,1319
5.21,1315
5.22,1311
5.23,1306
5.24,1300
5.25,1293
5.26,1285
5.27,1275
5.28,1265
5.29,1254
5.30,1243
5.31,1231
5.32,1218
5.33,1205
5.34,1192
5.35,1179
5.36,1166
5.37,1152
5.38,1138
5.39,1124
5.40,1109
5.41,1094
5.42,1079
5.43,1065
5.44,1050
5.45,1035
5.46,1021
5.47,1006
5.48,991
5.49,976
5.50,962
5.51,947
5.52,933
5.53,918
5.54,904
5.55,890
5.56,877
5.57,864
5.58,850
5.59,837
5.60,824
5.61,810
5.62,797
5.63,784
5.64,772
5.65,760
5.66,748
5.67,736
5.68,724
5.69,712
5.70,701
5.71,690
5.72,679
5.73,667
5.74,656
5.75,645
5.76,634
5.77,624
5.78,614
5.79,603
5.80,593
5.81,582
5.82,572
5.83,562
5.84,551
5.85,541
5.86,530
5.87,519
5.88,509
5.89,498
5.90,488
5.91,478
5.92,467
5.93,457
5.94,446
5.95,435
5.96,424
5.97,414
5.98,403
5.99,393
6.00,383
6.01,373
6.02,363
6.03,353
6.04,342
6.05,332
6.06,322
6.07,313
6.08,304
6.09,295
6.10,287
6.11,279
6.12,272
6.13,265
6.14,258
6.15,251
6.16,244
6.17,237
6.18,230
6.19,224
6.20,218
6.21,213
6.22,207
6.23,202
6.24,197
6.25,191
6.26,186
6.27,180
6.28,174
6.29,169
6.30,164
6.31,159
6.32,155
6.33,150
6.34,146
6.35,142
6.36,138
6.37,134
6.38,130
6.39,127
6.40,124
6.41,120
6.42,117
6.43,115
6.44,112
6.45,110
6.46,109
6.47,107
6.48,107
6.49,107
6.50,107
6.51,108
6.52,110
6.53,112
6.54,115
6.55,119
6.56,125
6.57,131
6.58,138
6.59,146
6.60,155
6.61,165
6.62,176
6.63,188
6.64,200
6.65,213
6.66,226
6.67,240
6.68,253
6.69,266
6.70,279
6.71,292
6.72,305
6.73,317
6.74,330
6.75,343
6.76,355
6.77,368
6.78,380
6.79,392
6.80,404
6.81,416
6.82,429
6.83,441
6.84,453
6.85,465
6.86,477
6.87,489
6.88,501
6.89,513
6.90,525
6.91,537
6.92,549
6.93,562
6.94,574
6.95,586
6.96,598
6.97,611
6.98,623
6.99,635
7.00,648
7.01,660
7.02,673
7.03,685
7.04,698
7.05,710
7.06,722
7.07,733
7.08,744
7.09,755
7.10,765
7.11,775
7.12,785
7.13,795
7.14,805
7.15,814
7.16,823
7.17,831
7.18,840
7.19,848
7.20,857
7.21,865
7.22,874
7.23,882
7.24,890
7.25,898
7.26,905
7.27,913
7.28,920
7.29,927
7.30,934
7.31,941
7.32,948
7.33,955
7.34,962
7.35,969
7.36,976
7.37,983
7.38,990
7.39,996
7.40,1003
7.41,1009
7.42,1016
7.43,1022
7.44,1029
7.45,1036
7.46,1043
7.47,1049
7.48,1055
7.49,1062
7.50,1068
7.51,1074
7.52,1080
7.53,1085
7.54,1091
7.55,1096
7.56,1100
7.57,1105
7.58,1110
7.59,1114
7.60,1119
7.61,1124
7.62,1129
7.63,1134
7.64,1139
7.65,1144
7.66,1150
7.67,1156
7.68,1162
7.69,1169
7.70,1175
7.71,1182
7.72,1189
7.73,1196
7.74,1203
7.75,1209
7.76,1215
7.77,1221
7.78,1225
7.79,1229
7.80,1232
7.81,1235
7.82,1237
7.83,1237
7.84,1237
7.85,1235
7.86,1232
7.87,1228
7.88,1222
7.89,1215
7.90,1205
7.91,1195
7.92,1183
7.93,1170
7.94,1156
7.95,1140
7.96,1124
7.97,1107
7.98,1090
7.99,1072
8.00,1054
8.01,1035
8.02,1016
8.03,997
8.04,978
8.05,959
8.06,939
8.07,920
8.08,901
8.09,883
8.10,865
8.11,848
8.12,830
8.13,814
8.14,798
8.15,782
8.16,766
8.17,751
8.18,737
8.19,722
8.20,708
8.21,694
8.22,681
8.23,667
8.24,654
8.25,641
8.26,629
8.27,617
8.28,604
8.29,593
8.30,581
8.31,569
8.32,557
8.33,545
8.34,534
8.35,523
8.36,511
8.37,500
8.38,489
8.39,478
8.40,467
8.41,456
8.42,445
8.43,434
8.44,423
8.45,412
8.46,402
8.47,391
8.48,380
8.49,370
8.50,360
8.51,350
8.52,341
8.53,331
8.54,322
8.55,313
8.56,304
8.57,295
8.58,286
8.59,278
8.60,269
8.61,261
8.62,253
8.63,245
8.64,237
8.65,229
8.66,221
8.67,214
8.68,207
8.69,199
8.70,192
8.71,185
8.72,177
8.73,169
8.74,161
8.75,154
8.76,147
8.77,141
8.78,134
8.79,129
8.80,123
8.81,117
8.82,111
8.83,104
8.84,98
8.85,91
8.86,84
8.87,79
8.88,73
8.89,68
8.90,64
8.91,59
8.92,55
8.93,51
8.94,46
8.95,42
8.96,38
8.97,35
8.98,34
8.99,34
9.00,35
9.01,37
9.02,39
9.03,43
9.04,47
9.05,52
9.06,58
9.07,65
9.08,74
9.09,83
9.10,93
9.11,104
9.12,115
9.13,127
9.14,139
9.15,152
9.16,165
9.17,179
9.18,194
9.19,209
9.20,224
9.21,239
9.22,254
9.23,268
9.24,282
9.25,296
9.26,309
9.27,323
9.28,336
9.29,348
9.30,361
9.31,373
9.32,384
9.33,396
9.34,407
9.35,418
9.36,429
9.37,441
9.38,454
9.39,467
9.40,479
9.41,492
9.42,503
9.43,514
9.44,525
9.45,536
9.46,546
9.47,557
9.48,567
9.49,578
9.50,588
9.51,598
9.52,607
9.53,616
9.54,626
9.55,635
9.56,644
9.57,654
9.58,663
9.59,673
9.60,683
9.61,693
9.62,703
9.63,713
9.64,723
9.65,732
9.66,742
9.67,752
9.68,762
9.69,772
9.70,783
9.71,793
9.72,803
9.73,814
9.74,823
9.75,833
9.76,841
9.77,849
9.78,857
9.79,864
9.80,871
9.81,878
9.82,884
9.83,890
9.84,896
9.85,901
9.86,904
9.87,907
9.88,908
9.89,908
9.90,907
9.91,905
9.92,902
9.93,897
9.94,891
9.95,885
9.96,877
9.97,869
9.98,860
9.99,850
10.00,841
10.01,830
10.02,819
10.03,807
10.04,795
10.05,782
10.06,769
10.07,755
10.08,742
10.09,728
10.10,715
10.11,703
10.12,690
10.13,679
10.14,668
10.15,657
10.16,647
10.17,637
10.18,628
10.19,620
10.20,612
10.21,604
10.22,597
10.23,591
10.24,587
10.25,583
10.26,581
10.27,580
10.28,581
10.29,582
10.30,584
10.31,587
10.32,591
10.33,596
10.34,602
10.35,609
10.36,616
10.37,624
10.38,633
10.39,642
10.40,651
10.41,660
10.42,670
10.43,681
10.44,691
10.45,702
10.46,713
10.47,724
10.48,735
10.49,746
10.50,756
10.51,766
10.52,776
10.53,786
10.54,795
10.55,804
10.56,812
10.57,821
10.58,828
10.59,835
10.60,840
10.61,845
10.62,848
10.63,850
10.64,851
10.65,851
10.66,850
10.67,847
10.68,844
10.69,839
10.70,834
10.71,828
10.72,821
10.73,813
10.74,805
10.75,796
10.76,788
10.77,779
10.78,770
10.79,761
10.80,752
10.81,742
10.82,733
10.83,723
10.84,714
10.85,704
10.86,695
10.87,686
10.88,677
10.89,668
10.90,660
10.91,653
10.92,646
10.93,639
10.94,632
10.95,625
10.96,619
10.97,613
10.98,608
10.99,604
11.00,600
11.01,597
11.02,595
11.03,594
11.04,594
11.05,594
11.06,595
11.07,597
11.08,600
11.09,604
11.10,609
11.11,614
11.12,620
11.13,626
11.14,633
11.15,640
11.16,648
11.17,655
11.18,663
11.19,671
11.20,678
11.21,686
11.22,695
11.23,703
11.24,712
11.25,720
11.26,728
11.27,736
11.28,744
11.29,752
11.30,759
11.31,767
11.32,775
11.33,783
11.34,791
11.35,799
11.36,807
11.37,814
11.38,822
11.39,829
11.40,837
11.41,845
11.42,853
11.43,861
11.44,869
11.45,877
11.46,885
11.47,893
11.48,901
11.49,909
11.50,916
11.51,924
11.52,931
11.53,939
11.54,946
11.55,953
11.56,961
11.57,967
11.58,974
11.59,981
11.60,988
11.61,995
11.62,1002
11.63,1009
11.64,1016
11.65,1023
11.66,1031
11.67,1038
11.68,1045
11.69,1052
11.70,1059
11.71,1066
11.72,1073
11.73,1079
11.74,1086
11.75,1093
11.76,1100
11.77,1106
11.78,1112
11.79,1118
11.80,1124
11.81,1130
11.82,1136
11.83,1142
11.84,1148
11.85,1154
11.86,1160
11.87,1167
11.88,1173
11.89,1179
11.90,1185
11.91,1190
11.92,1195
11.93,1201
11.94,1206
11.95,1211
11.96,1217
11.97,1224
11.98,1231
11.99,1237
12.00,1244
12.01,1250
12.02,1256
12.03,1261
12.04,1266
12.05,1272
12.06,1278
12.07,1284
12.08,1290
12.09,1297
12.10,1303
12.11,1310
12.12,1317
12.13,1323
12.14,1330
12.15,1337
12.16,1343
12.17,1350
12.18,1355
12.19,1359
12.20,1362
12.21,1364
12.22,1364
12.23,1364
12.24,1364
12.25,1363
12.26,1362
12.27,1360
12.28,1358
12.29,1354
12.30,1348
12.31,1342
12.32,1334
12.33,1324
12.34,1314
12.35,1304
12.36,1293
12.37,1282
12.38,1271
12.39,1259
12.40,1247
12.41,1234
12.42,1221
12.43,1207
12.44,1193
12.45,1179
12.46,1164
12.47,1150
12.48,1135
12.49,1121
12.50,1106
12.51,1091
12.52,1076
12.53,1061
12.54,1047
12.55,1033
12.56,1018
12.57,1004
12.58,991
12.59,978
12.60,964
12.61,952
12.62,939
12.63,927
12.64,916
12.65,905
12.66,894
12.67,883
12.68,873
12.69,862
12.70,851
12.71,841
12.72,830
12.73,820
12.74,810
12.75,800
12.76,790
12.77,781
12.78,771
12.79,762
12.80,752
12.81,743
12.82,733
12.83,724
12.84,714
12.85,705
12.86,696
12.87,687
12.88,678
12.89,669
12.90,659
12.91,650
12.92,641
12.93,632
12.94,623
12.95,613
12.96,604
12.97,595
12.98,586
12.99,576
13.00,567
13.01,558
13.02,549
13.03,540
13.04,531
13.05,522
13.06,513
13.07,504
13.08,495
13.09,486
13.10,477
13.11,468
13.12,460
13.13,452
13.14,443
13.15,435
13.16,427
13.17,419
13.18,410
13.19,402
13.20,394
13.21,386
13.22,378
13.23,371
13.24,363
13.25,355
13.26,348
13.27,341
13.28,334
13.29,326
13.30,319
13.31,312
13.32,306
13.33,299
13.34,292
13.35,286
13.36,280
13.37,273
13.38,267
13.39,261
13.40,255
13.41,248
13.42,242
13.43,235
13.44,229
13.45,222
13.46,216
13.47,209
13.48,203
13.49,197
13.50,190
13.51,184
13.52,178
13.53,172
13.54,165
13.55,159
13.56,153
13.57,147
13.58,141
13.59,136
13.60,130
13.61,124
13.62,118
13.63,113
13.64,107
13.65,101
13.66,95
13.67,89
13.68,84
13.69,78
13.70,73
13.71,68
13.72,62
13.73,57
13.74,52
13.75,47
13.76,42
13.77,37
13.78,32
13.79,28
13.80,24
13.81,20
13.82,16
13.83,13
13.84,10
13.85,8
13.86,6
13.87,4
13.88,3
13.89,3
13.90,2
13.91,2
13.92,2
13.93,2
13.94,2
13.95,3
13.96,4
13.97,5
13.98,6
13.99,7
14.00,9
14.01,11
14.02,14
14.03,17
14.04,20
14.05,24
14.06,28
14.07,33
14.08,39
14.09,44
14.10,50
14.11,57
14.12,64
14.13,72
14.14,80
14.15,88
14.16,97
14.17,106
14.18,115
14.19,124
14.20,133
14.21,143
14.22,153
14.23,163
14.24,173
14.25,183
14.26,193
14.27,204
14.28,215
14.29,225
14.30,236
14.31,248
14.32,259
14.33,270
14.34,282
14.35,294
14.36,306
14.37,318
14.38,330
14.39,342
14.40,354
14.41,365
14.42,376
14.43,388
14.44,399
14.45,410
14.46,421
14.47,433
14.48,444
14.49,454
14.50,465
14.51,476
14.52,486
14.53,497
14.54,507
14.55,517
14.56,527
14.57,537
14.58,547
14.59,557
14.60,567
14.61,577
14.62,587
14.63,597
14.64,607
14.65,617
14.66,627
14.67,637
14.68,647
14.69,657
14.70,667
14.71,677
14.72,687
14.73,698
14.74,708
14.75,718
14.76,728
14.77,738
14.78,748
14.79,758
14.80,768
14.81,778
14.82,788
14.83,798
14.84,808
14.85,818
14.86,828
14.87,838
14.88,848
14.89,857
14.90,867
14.91,876
14.92,885
14.93,894
14.94,903
14.95,912
14.96,921
14.97,929
14.98,938
14.99,946
15.00,955
15.01,963
15.02,972
15.03,981
15.04,989
15.05,998
15.06,1006
15.07,1014
15.08,1023
15.09,1031
15.10,1040
15.11,1048
15.12,1056
15.13,1063
15.14,1071
15.15,1078
15.16,1086
15.17,1093
15.18,1101
15.19,1108
15.20,1116
15.21,1123
15.22,1131
15.23,1138
15.24,1145
15.25,1152
15.26,1159
15.27,1166
15.28,1173
15.29,1180
15.30,1187
15.31,1194
15.32,1201
15.33,1208
15.34,1215
15.35,1222
15.36,1229
15.37,1237
15.38,1244
15.39,1252
15.40,1260
15.41,1267
15.42,1275
15.43,1283
15.44,1290
15.45,1298
15.46,1306
15.47,1314
15.48,1321
15.49,1329
15.50,1337
15.51,1345
15.52,1353
15.53,1361
15.54,1369
15.55,1377
15.56,1385
15.57,1392
15.58,1400
15.59,1408
15.60,1415
15.61,1423
15.62,1431
15.63,1438
15.64,1446
15.65,1453
15.66,1460
15.67,1467
15.68,1474
15.69,1481
15.70,1488
15.71,1494
15.72,1501
15.73,1508
15.74,1514
15.75,1520
15.76,1526
15.77,1531
15.78,1537
15.79,1542
15.80,1547
15.81,1552
15.82,1556
15.83,1557
15.84,1559
15.85,1558
15.86,1558
15.87,1557
15.88,1557
15.89,1557
15.90,1557
15.91,1557
15.92,1556
15.93,1556
15.94,1555
15.95,1555
15.96,1554
15.97,1553
15.98,1552
15.99,1550
16.00,1548
16.01,1545
16.02,1541
16.03,1536
16.04,1530
16.05,1524
16.06,1517
16.07,1509
16.08,1501
16.09,1492
16.10,1483
16.11,1474
16.12,1464
16.13,1454
16.14,1444
16.15,1433
16.16,1423
16.17,1412
16.18,1401
16.19,1390
16.20,1380
16.21,1369
16.22,1358
16.23,1347
16.24,1337
16.25,1326
16.26,1315
16.27,1304
16.28,1294
16.29,1283
16.30,1272
16.31,1261
16.32,1250
16.33,1240
16.34,1229
16.35,1218
16.36,1208
16.37,1197
16.38,1187
16.39,1176
16.40,1166
16.41,1155
16.42,1144
16.43,1134
16.44,1123
16.45,1112
16.46,1101
16.47,1091
16.48,1080
16.49,1069
16.50,1058
16.51,1047
16.52,1037
16.53,1026
16.54,1015
16.55,1004
16.56,993
16.57,982
16.58,971
16.59,960
16.60,949
16.61,938
16.62,927
16.63,917
16.64,906
16.65,895
16.66,884
16.67,874
16.68,863
16.69,853
16.70,842
16.71,832
16.72,821
16.73,811
16.74,800
16.75,790
16.76,779
16.77,769
16.78,759
16.79,749
16.80,739
16.81,729
16.82,719
16.83,709
16.84,699
16.85,690
16.86,680
16.87,670
16.88,660
16.89,650
16.90,641
16.91,631
16.92,622
16.93,614
16.94,605
16.95,596
16.96,587
16.97,578
16.98,570
16.99,561
17.00,552
17.01,543
17.02,534
17.03,525
17.04,517
17.05,508
17.06,499
17.07,490
17.08,481
17.09,472
17.10,463
17.11,454
17.12,445
17.13,436
17.14,427
17.15,419
17.16,409
17.17,400
17.18,390
17.19,381
17.20,371
17.21,362
17.22,353
17.23,345
17.24,336
17.25,327
17.26,318
17.27,310
17.28,302
17.29,294
17.30,287
17.31,281
17.32,276
17.33,273
17.34,272
17.35,272
17.36,273
17.37,275
17.38,279
17.39,284
17.40,290
17.41,298
17.42,307
17.43,319
17.44,331
17.45,345
17.46,360
17.47,376
17.48,394
17.49,412
17.50,430
17.51,449
17.52,469
17.53,488
17.54,508
17.55,528
17.56,549
17.57,569
17.58,590
17.59,609
17.60,629
17.61,648
17.62,667
17.63,685
17.64,703
17.65,719
17.66,734
17.67,748
17.68,761
17.69,773
17.70,784
17.71,794
17.72,803
17.73,810
17.74,816
17.75,820
17.76,823
17.77,824
17.78,824
17.79,822
17.80,818
17.81,813
17.82,807
17.83,799
17.84,790
17.85,780
17.86,769
17.87,756
17.88,743
17.89,729
17.90,715
17.91,700
17.92,685
17.93,669
17.94,654
17.95,639
17.96,624
17.97,609
17.98,596
17.99,583
18.00,572
18.01,562
18.02,553
18.03,546
18.04,539
18.05,534
18.06,531
18.07,529
18.08,529
18.09,530
18.10,533
18.11,537
18.12,543
18.13,551
18.14,560
18.15,570
18.16,581
18.17,593
18.18,605
18.19,619
18.20,633
18.21,647
18.22,662
18.23,676
18.24,691
18.25,705
18.26,719
18.27,732
18.28,744
18.29,756
18.30,767
18.31,776
18.32,785
18.33,791
18.34,797
18.35,801
18.36,804
18.37,805
18.38,806
18.39,805
18.40,802
18.41,798
18.42,792
18.43,786
18.44,778
18.45,769
18.46,759
18.47,748
18.48,737
18.49,725
18.50,712
18.51,698
18.52,684
18.53,669
18.54,653
18.55,637
18.56,621
18.57,604
18.58,588
18.59,571
18.60,554
18.61,537
18.62,519
18.63,502
18.64,485
18.65,468
18.66,452
18.67,436
18.68,420
18.69,404
18.70,388
18.71,373
18.72,358
18.73,344
18.74,330
18.75,317
18.76,304
18.77,292
18.78,280
18.79,268
18.80,257
18.81,246
18.82,235
18.83,225
18.84,216
18.85,209
18.86,202
18.87,195
18.88,189
18.89,183
18.90,177
18.91,172
18.92,167
18.93,162
18.94,158
18.95,154
18.96,150
18.97,147
18.98,143
18.99,140
19.00,137
19.01,134
19.02,132
19.03,129
19.04,127
19.05,124
19.06,121
19.07,118
19.08,115
19.09,113
19.10,111
19.11,112
19.12,114
19.13,118
19.14,124
19.15,131
19.16,139
19.17,147
19.18,156
19.19,165
19.20,175
19.21,185
19.22,196
19.23,208
19.24,221
19.25,234
19.26,247
19.27,261
19.28,276
19.29,290
19.30,305
19.31,320
19.32,335
19.33,350
19.34,364
19.35,378
19.36,393
19.37,407
19.38,421
19.39,435
19.40,448
19.41,461
19.42,474
19.43,486
19.44,498
19.45,510
19.46,522
19.47,533
19.48,544
19.49,556
19.50,567
19.51,579
19.52,590
19.53,600
19.54,611
19.55,621
19.56,632
19.57,642
19.58,653
19.59,663
19.60,674
19.61,684
19.62,694
19.63,705
19.64,715
19.65,725
19.66,735
19.67,745
19.68,755
19.69,765
19.70,776
19.71,786
19.72,796
19.73,806
19.74,816
19.75,827
19.76,837
19.77,847
19.78,857
19.79,867
19.80,876
19.81,886
19.82,896
19.83,906
19.84,915
19.85,924
19.86,933
19.87,942
19.88,951
19.89,960
19.90,968
19.91,977
19.92,985
19.93,994
19.94,1003
19.95,1012
19.96,1022
19.97,1032
19.98,1041
19.99,1051
20.00,1061
20.01,1071
20.02,1081
20.03,1091
20.04,1102
20.05,1112
20.06,1123
20.07,1134
20.08,1145
20.09,1156
20.10,1167
20.11,1177
20.12,1188
20.13,1198
20.14,1208
20.15,1218
20.16,1228
20.17,1236
20.18,1245
20.19,1253
20.20,1260
20.21,1267
20.22,1274
20.23,1280
20.24,1285
20.25,1290
20.26,1294
20.27,1298
20.28,1301
20.29,1304
20.30,1307
20.31,1311
20.32,1314
20.33,1317
20.34,1320
20.35,1323
20.36,1326
20.37,1329
20.38,1332
20.39,1335
20.40,1338
20.41,1341
20.42,1344
20.43,1347
20.44,1350
20.45,1354
20.46,1357
20.47,1361
20.48,1365
20.49,1369
20.50,1372
20.51,1376
20.52,1379
20.53,1382
20.54,1385
20.55,1388
20.56,1390
20.57,1393
20.58,1395
20.59,1397
20.60,1399
20.61,1401
20.62,1403
20.63,1405
20.64,1406
20.65,1408
20.66,1409
20.67,1411
20.68,1412
20.69,1414
20.70,1416
20.71,1418
20.72,1420
20.73,1423
20.74,1426
20.75,1429
20.76,1433
20.77,1436
20.78,1440
20.79,1443
20.80,1447
20.81,1450
20.82,1453
20.83,1456
20.84,1459
20.85,1461
20.86,1463
20.87,1465
20.88,1466
20.89,1467
20.90,1468
20.91,1468
20.92,1468
20.93,1467
20.94,1466
20.95,1465
20.96,1463
20.97,1460
20.98,1457
20.99,1454
21.00,1451
21.01,1449
21.02,1446
21.03,1444
21.04,1442
21.05,1440
21.06,1439
21.07,1438
21.08,1438
21.09,1439
21.10,1440
21.11,1442
21.12,1444
21.13,1446
21.14,1449
21.15,1452
21.16,1455
21.17,1458
21.18,1461
21.19,1464
21.20,1466
21.21,1469
21.22,1472
21.23,1474
21.24,1477
21.25,1479
21.26,1481
21.27,1483
21.28,1485
21.29,1486
21.30,1488
21.31,1489
21.32,1491
21.33,1493
21.34,1495
21.35,1497
21.36,1499
21.37,1501
21.38,1504
21.39,1506
21.40,1509
21.41,1512
21.42,1515
21.43,1518
21.44,1520
21.45,1523
21.46,1524
21.47,1526
21.48,1527
21.49,1527
21.50,1527
21.51,1526
21.52,1525
21.53,1524
21.54,1523
21.55,1521
21.56,1520
21.57,1519
21.58,1518
21.59,1516
21.60,1515
21.61,1514
21.62,1514
21.63,1513
21.64,1513
21.65,1514
21.66,1515
21.67,1516
21.68,1518
21.69,1519
21.70,1521
21.71,1523
21.72,1524
21.73,1526
21.74,1528
21.75,1530
21.76,1531
21.77,1533
21.78,1534
21.79,1535
21.80,1535
21.81,1536
21.82,1537
21.83,1538
21.84,1539
21.85,1540
21.86,1541
21.87,1542
21.88,1543
21.89,1545
21.90,1546
21.91,1548
21.92,1550
21.93,1551
21.94,1553
21.95,1553
21.96,1553
21.97,1553
21.98,1553
21.99,1553
22.00,1553
22.01,1553
22.02,1553
22.03,1553
22.04,1553
22.05,1553
22.06,1553
22.07,1553
22.08,1552
22.09,1552
22.10,1550
22.11,1548
22.12,1545
22.13,1540
22.14,1536
22.15,1530
22.16,1524
22.17,1518
22.18,1511
22.19,1503
22.20,1495
22.21,1487
22.22,1478
22.23,1469
22.24,1459
22.25,1449
22.26,1439
22.27,1429
22.28,1418
22.29,1407
22.30,1396
22.31,1385
22.32,1374
22.33,1363
22.34,1351
22.35,1339
22.36,1327
22.37,1314
22.38,1302
22.39,1289
22.40,1276
22.41,1262
22.42,1248
22.43,1234
22.44,1220
22.45,1205
22.46,1190
22.47,1175
22.48,1160
22.49,1145
22.50,1130
22.51,1115
22.52,1100
22.53,1085
22.54,1070
22.55,1055
22.56,1040
22.57,1025
22.58,1010
22.59,995
22.60,980
22.61,965
22.62,950
22.63,935
22.64,921
22.65,906
22.66,891
22.67,876
22.68,861
22.69,846
22.70,832
22.71,817
22.72,802
22.73,787
22.74,772
22.75,758
22.76,743
22.77,728
22.78,714
22.79,700
22.80,685
22.81,671
22.82,657
22.83,642
22.84,628
22.85,614
22.86,600
22.87,586
22.88,573
22.89,559
22.90,545
22.91,532
22.92,519
22.93,506
22.94,493
22.95,480
22.96,467
22.97,455
22.98,443
22.99,431
23.00,419
23.01,408
23.02,396
23.03,385
23.04,374
23.05,364
23.06,353
23.07,343
23.08,333
23.09,323
23.10,313
23.11,304
23.12,295
23.13,285
23.14,276
23.15,267
23.16,259
23.17,251
23.18,244
23.19,237
23.20,230
23.21,223
23.22,217
23.23,211
23.24,204
23.25,198
23.26,192
23.27,185
23.28,179
23.29,173
23.30,166
23.31,161
23.32,155
23.33,150
23.34,145
23.35,140
23.36,136
23.37,131
23.38,126
23.39,121
23.40,115
23.41,110
23.42,105
23.43,100
23.44,95
23.45,90
23.46,85
23.47,80
23.48,75
23.49,70
23.50,66
23.51,61
23.52,57
23.53,53
23.54,49
23.55,46
23.56,42
23.57,39
23.58,35
23.59,32
23.60,30
23.61,28
23.62,26
23.63,24
23.64,23
23.65,22
23.66,22
23.67,22
23.68,22
23.69,23
23.70,25
23.71,27
23.72,31
23.73,36
23.74,41
23.75,47
23.76,55
23.77,63
23.78,71
23.79,80
23.80,90
23.81,100
23.82,111
23.83,122
23.84,135
23.85,147
23.86,161
23.87,174
23.88,188
23.89,202
23.90,216
23.91,230
23.92,245
23.93,259
23.94,274
23.95,288
23.96,303
23.97,318
23.98,334
23.99,348
24.00,364
24.01,379
24.02,394
24.03,408
24.04,423
24.05,438
24.06,454
24.07,469
24.08,485
24.09,500
24.10,516
24.11,531
24.12,546
24.13,561
24.14,576
24.15,592
24.16,607
24.17,622
24.18,638
24.19,653
24.20,669
24.21,685
24.22,700
24.23,716
24.24,732
24.25,748
24.26,764
24.27,780
24.28,796
24.29,811
24.30,827
24.31,843
24.32,858
24.33,874
24.34,890
24.35,906
24.36,921
24.37,937
24.38,953
24.39,968
24.40,984
24.41,999
24.42,1015
24.43,1031
24.44,1046
24.45,1062
24.46,1076
24.47,1091
24.48,1105
24.49,1120
24.50,1134
24.51,1149
24.52,1163
24.53,1178
24.54,1192
24.55,1205
24.56,1218
24.57,1231
24.58,1244
24.59,1256
24.60,1268
24.61,1280
24.62,1291
24.63,1303
24.64,1313
24.65,1323
24.66,1333
24.67,1341
24.68,1350
24.69,1358
24.70,1365
24.71,1372
24.72,1380
24.73,1386
24.74,1392
24.75,1398
24.76,1403
24.77,1407
24.78,1411
24.79,1415
24.80,1420
24.81,1424
24.82,1428
24.83,1433
24.84,1437
24.85,1443
24.86,1448
24.87,1454
24.88,1460
24.89,1466
24.90,1471
24.91,1477
24.92,1483
24.93,1488
24.94,1492
24.95,1496
24.96,1500
24.97,1503
24.98,1505
24.99,1507
25.00,1508
25.01,1508
25.02,1508
25.03,1507
25.04,1506
25.05,1503
25.06,1500
25.07,1496
25.08,1491
25.09,1485
25.10,1479
25.11,1472
25.12,1465
25.13,1457
25.14,1448
25.15,1438
25.16,1427
25.17,1415
25.18,1403
25.19,1391
25.20,1379
25.21,1366
25.22,1352
25.23,1338
25.24,1324
25.25,1309
25.26,1293
25.27,1278
25.28,1262
25.29,1246
25.30,1230
25.31,1215
25.32,1200
25.33,1184
25.34,1169
25.35,1153
25.36,1138
25.37,1122
25.38,1106
25.39,1091
25.40,1075
25.41,1060
25.42,1044
25.43,1029
25.44,1014
25.45,999
25.46,984
25.47,969
25.48,954
25.49,939
25.50,924
25.51,909
25.52,894
25.53,879
25.54,864
25.55,849
25.56,834
25.57,819
25.58,804
25.59,789
25.60,774
25.61,759
25.62,744
25.63,729
25.64,714
25.65,699
25.66,684
25.67,669
25.68,654
25.69,640
25.70,625
25.71,610
25.72,596
25.73,581
25.74,567
25.75,553
25.76,539
25.77,525
25.78,511
25.79,498
25.80,484
25.81,470
25.82,456
25.83,443
25.84,430
25.85,417
25.86,404
25.87,393
25.88,381
25.89,370
25.90,359
25.91,348
25.92,337
25.93,326
25.94,315
25.95,305
25.96,295
25.97,285
25.98,276
25.99,266
26.00,257
26.01,247
26.02,238
26.03,228
26.04,219
26.05,209
26.06,200
26.07,191
26.08,183
26.09,175
26.10,167
26.11,159
26.12,151
26.13,142
26.14,134
26.15,127
26.16,120
26.17,113
26.18,106
26.19,99
26.20,93
26.21,87
26.22,81
26.23,75
26.24,70
26.25,64
26.26,59
26.27,54
26.28,48
26.29,44
26.30,39
26.31,35
26.32,31
26.33,27
26.34,24
26.35,21
26.36,17
26.37,14
26.38,11
26.39,9
26.40,7
26.41,6
26.42,6
26.43,5
26.44,5
26.45,4
26.46,4
26.47,4
26.48,4
26.49,4
26.50,4
26.51,5
26.52,6
26.53,7
26.54,8
26.55,9
26.56,10
26.57,11
26.58,12
26.59,14
26.60,16
26.61,19
26.62,22
26.63,25
26.64,29
26.65,33
26.66,37
26.67,42
26.68,46
26.69,51
26.70,57
26.71,62
26.72,68
26.73,74
26.74,80
26.75,86
26.76,93
26.77,100
26.78,107
26.79,114
26.80,121
26.81,128
26.82,136
26.83,143
26.84,150
26.85,157
26.86,165
26.87,172
26.88,179
26.89,186
26.90,193
26.91,200
26.92,207
26.93,214
26.94,220
26.95,227
26.96,234
26.97,241
26.98,247
26.99,254
27.00,261
27.01,267
27.02,274
27.03,280
27.04,287
27.05,293
27.06,299
27.07,306
27.08,312
27.09,319
27.10,325
27.11,332
27.12,339
27.13,345
27.14,352
27.15,359
27.16,366
27.17,373
27.18,380
27.19,387
27.20,394
27.21,401
27.22,408
27.23,415
27.24,423
27.25,430
27.26,437
27.27,444
27.28,452
27.29,459
27.30,466
27.31,473
27.32,480
27.33,487
27.34,494
27.35,501
27.36,508
27.37,515
27.38,522
27.39,528
27.40,535
27.41,542
27.42,549
27.43,556
27.44,563
27.45,570
27.46,577
27.47,584
27.48,592
27.49,599
27.50,606
27.51,613
27.52,621
27.53,628
27.54,635
27.55,642
27.56,649
27.57,656
27.58,663
27.59,670
27.60,677
27.61,683
27.62,690
27.63,697
27.64,703
27.65,709
27.66,716
27.67,722
27.68,728
27.69,735
27.70,742
27.71,749
27.72,756
27.73,763
27.74,770
27.75,778
27.76,785
27.77,793
27.78,801
27.79,809
27.80,817
27.81,825
27.82,833
27.83,841
27.84,849
27.85,858
27.86,866
27.87,874
27.88,882
27.89,891
27.90,900
27.91,908
27.92,917
27.93,926
27.94,935
27.95,944
27.96,952
27.97,961
27.98,970
27.99,979
28.00,988
28.01,997
28.02,1005
28.03,1014
28.04,1023
28.05,1032
28.06,1041
28.07,1050
28.08,1059
28.09,1068
28.10,1078
28.11,1086
28.12,1095
28.13,1104
28.14,1112
28.15,1121
28.16,1130
28.17,1138
28.18,1147
28.19,1156
28.20,1165
28.21,1173
28.22,1181
28.23,1190
28.24,1198
28.25,1206
28.26,1215
28.27,1223
28.28,1232
28.29,1240
28.30,1249
28.31,1257
28.32,1266
28.33,1274
28.34,1282
28.35,1290
28.36,1297
28.37,1305
28.38,1313
28.39,1320
28.40,1327
28.41,1334
28.42,1341
28.43,1348
28.44,1355
28.45,1361
28.46,1368
28.47,1375
28.48,1382
28.49,1389
28.50,1395
28.51,1402
28.52,1408
28.53,1414
28.54,1419
28.55,1425
28.56,1430
28.57,1434
28.58,1439
28.59,1443
28.60,1448
28.61,1452
28.62,1457
28.63,1461
28.64,1464
28.65,1468
28.66,1471
28.67,1474
28.68,1477
28.69,1481
28.70,1483
28.71,1486
28.72,1488
28.73,1490
28.74,1492
28.75,1494
28.76,1496
28.77,1499
28.78,1501
28.79,1503
28.80,1506
28.81,1509
28.82,1513
28.83,1516
28.84,1519
28.85,1522
28.86,1525
28.87,1528
28.88,1530
28.89,1533
28.90,1535
28.91,1538
28.92,1540
28.93,1542
28.94,1544
28.95,1545
28.96,1547
28.97,1548
28.98,1550
28.99,1551
29.00,1552
29.01,1554
29.02,1554
29.03,1555
29.04,1555
29.05,1555
29.06,1555
29.07,1555
29.08,1555
29.09,1554
29.10,1554
29.11,1553
29.12,1552
29.13,1551
29.14,1549
29.15,1546
29.16,1543
29.17,1539
29.18,1534
29.19,1528
29.20,1522
29.21,1515
29.22,1506
29.23,1498
29.24,1488
29.25,1478
29.26,1468
29.27,1458
29.28,1448
29.29,1439
29.30,1429
29.31,1420
29.32,1411
29.33,1403
29.34,1395
29.35,1388
29.36,1382
29.37,1376
29.38,1372
29.39,1368
29.40,1366
29.41,1365
29.42,1366
29.43,1367
29.44,1370
29.45,1374
29.46,1378
29.47,1384
29.48,1391
29.49,1398
29.50,1406
29.51,1415
29.52,1424
29.53,1434
29.54,1443
29.55,1453
29.56,1462
29.57,1470
29.58,1478
29.59,1485
29.60,1492
29.61,1498
29.62,1503
29.63,1508
29.64,1512
29.65,1515
29.66,1517
29.67,1518
29.68,1517
29.69,1516
29.70,1514
29.71,1512
29.72,1508
29.73,1504
29.74,1498
29.75,1492
29.76,1486
29.77,1478
29.78,1471
29.79,1462
29.80,1453
29.81,1443
29.82,1432
29.83,1422
29.84,1411
29.85,1400
29.86,1390
29.87,1379
29.88,1367
29.89,1356
29.90,1344
29.91,1333
29.92,1321
29.93,1309
29.94,1297
29.95,1286
29.96,1274
29.97,1262
29.98,1251
29.99,1239
30.00,1228
30.01,1217
30.02,1206
30.03,1194
30.04,1183
30.05,1172
30.06,1161
30.07,1150
30.08,1139
30.09,1129
30.10,1119
30.11,1108
30.12,1098
30.13,1088
30.14,1078
30.15,1068
30.16,1058
30.17,1049
30.18,1039
30.19,1030
30.20,1020
30.21,1011
30.22,1001
30.23,991
30.24,981
30.25,971
30.26,961
30.27,951
30.28,941
30.29,931
30.30,921
30.31,911
30.32,900
30.33,890
30.34,880
30.35,869
30.36,859
30.37,848
30.38,837
30.39,826
30.40,814
30.41,802
30.42,791
30.43,779
30.44,768
30.45,756
30.46,745
30.47,734
30.48,722
30.49,711
30.50,700
30.51,689
30.52,677
30.53,666
30.54,654
30.55,642
30.56,631
30.57,619
30.58,608
30.59,597
30.60,586
30.61,575
30.62,564
30.63,553
30.64,542
30.65,530
30.66,519
30.67,507
30.68,495
30.69,484
30.70,473
30.71,463
30.72,452
30.73,441
30.74,429
30.75,418
30.76,406
30.77,394
30.78,382
30.79,371
30.80,359
30.81,348
30.82,338
30.83,327
30.84,316
30.85,306
30.86,295
30.87,284
30.88,274
30.89,263
30.90,254
30.91,244
30.92,235
30.93,226
30.94,217
30.95,208
30.96,199
30.97,190
30.98,182
30.99,173
31.00,165
31.01,157
31.02,150
31.03,143
31.04,137
31.05,131
31.06,124
31.07,118
31.08,112
31.09,107
31.10,101
31.11,97
31.12,93
31.13,89
31.14,86
31.15,84
31.16,83
31.17,81
31.18,81
31.19,81
31.20,82
31.21,84
31.22,87
31.23,91
31.24,97
31.25,103
31.26,110
31.27,118
31.28,127
31.29,136
31.30,145
31.31,155
31.32,166
31.33,177
31.34,189
31.35,201
31.36,213
31.37,226
31.38,239
31.39,252
31.40,265
31.41,279
31.42,292
31.43,306
31.44,319
31.45,333
31.46,346
31.47,360
31.48,374
31.49,389
31.50,403
31.51,418
31.52,433
31.53,448
31.54,462
31.55,477
31.56,491
31.57,506
31.58,520
31.59,534
31.60,548
31.61,562
31.62,576
31.63,590
31.64,604
31.65,618
31.66,632
31.67,645
31.68,658
31.69,671
31.70,684
31.71,697
31.72,710
31.73,723
31.74,736
31.75,749
31.76,762
31.77,775
31.78,787
31.79,799
31.80,811
31.81,824
31.82,836
31.83,848
31.84,861
31.85,873
31.86,885
31.87,897
31.88,909
31.89,920
31.90,931
31.91,943
31.92,954
31.93,965
31.94,977
31.95,988
31.96,1000
31.97,1011
31.98,1023
31.99,1035
32.00,1048
32.01,1060
32.02,1072
32.03,1084
32.04,1096
32.05,1108
32.06,1119
32.07,1131
32.08,1142
32.09,1153
32.10,1165
32.11,1176
32.12,1188
32.13,1200
32.14,1212
32.15,1224
32.16,1236
32.17,1248
32.18,1260
32.19,1271
32.20,1282
32.21,1293
32.22,1304
32.23,1315
32.24,1325
32.25,1336
32.26,1346
32.27,1356
32.28,1365
32.29,1373
32.30,1381
32.31,1388
32.32,1394
32.33,1400
32.34,1405
32.35,1409
32.36,1414
32.37,1419
32.38,1423
32.39,1427
32.40,1431
32.41,1435
32.42,1439
32.43,1442
32.44,1446
32.45,1450
32.46,1454
32.47,1458
32.48,1463
32.49,1467
32.50,1473
32.51,1478
32.52,1483
32.53,1489
32.54,1494
32.55,1500
32.56,1505
32.57,1510
32.58,1514
32.59,1518
32.60,1522
32.61,1525
32.62,1528
32.63,1530
32.64,1531
32.65,1532
32.66,1532
32.67,1532
32.68,1531
32.69,1529
32.70,1527
32.71,1525
32.72,1522
32.73,1519
32.74,1515
32.75,1510
32.76,1505
32.77,1499
32.78,1493
32.79,1486
32.80,1478
32.81,1470
32.82,1460
32.83,1451
32.84,1441
32.85,1431
32.86,1420
32.87,1409
32.88,1398
32.89,1387
32.90,1376
32.91,1365
32.92,1353
32.93,1342
32.94,1331
32.95,1320
32.96,1309
32.97,1298
32.98,1287
32.99,1276
33.00,1264
33.01,1253
33.02,1241
33.03,1229
33.04,1217
33.05,1205
33.06,1192
33.07,1179
33.08,1166
33.09,1152
33.10,1139
33.11,1125
33.12,1111
33.13,1097
33.14,1082
33.15,1068
33.16,1053
33.17,1038
33.18,1023
33.19,1008
33.20,992
33.21,977
33.22,961
33.23,946
33.24,930
33.25,914
33.26,899
33.27,883
33.28,867
33.29,851
33.30,835
33.31,819
33.32,803
33.33,786
33.34,770
33.35,754
33.36,738
33.37,722
33.38,706
33.39,691
33.40,675
33.41,660
33.42,645
33.43,629
33.44,614
33.45,598
33.46,583
33.47,568
33.48,554
33.49,539
33.50,525
33.51,512
33.52,499
33.53,486
33.54,474
33.55,461
33.56,448
33.57,436
33.58,423
33.59,410
33.60,398
33.61,384
33.62,371
33.63,358
33.64,346
33.65,333
33.66,321
33.67,309
33.68,297
33.69,285
33.70,273
33.71,261
33.72,249
33.73,236
33.74,225
33.75,213
33.76,202
33.77,192
33.78,182
33.79,174
33.80,166
33.81,159
33.82,152
33.83,147
33.84,144
33.85,142
33.86,141
33.87,141
33.88,143
33.89,146
33.90,150
33.91,154
33.92,160
33.93,167
33.94,175
33.95,183
33.96,192
33.97,202
33.98,213
33.99,224
34.00,235
34.01,246
34.02,257
34.03,269
34.04,280
34.05,292
34.06,304
34.07,316
34.08,327
34.09,339
34.10,351
34.11,363
34.12,375
34.13,387
34.14,399
34.15,412
34.16,424
34.17,437
34.18,449
34.19,461
34.20,474
34.21,486
34.22,498
34.23,511
34.24,523
34.25,535
34.26,548
34.27,560
34.28,572
34.29,584
34.30,596
34.31,608
34.32,620
34.33,632
34.34,644
34.35,657
34.36,669
34.37,681
34.38,694
34.39,707
34.40,720
34.41,734
34.42,747
34.43,761
34.44,774
34.45,788
34.46,803
34.47,817
34.48,832
34.49,847
34.50,863
34.51,878
34.52,893
34.53,909
34.54,925
34.55,942
34.56,958
34.57,975
34.58,992
34.59,1009
34.60,1027
34.61,1044
34.62,1061
34.63,1079
34.64,1096
34.65,1114
34.66,1132
34.67,1150
34.68,1168
34.69,1186
34.70,1204
34.71,1221
34.72,1237
34.73,1252
34.74,1266
34.75,1280
34.76,1293
34.77,1306
34.78,1319
34.79,1331
34.80,1343
34.81,1355
34.82,1366
34.83,1377
34.84,1386
34.85,1395
34.86,1403
34.87,1411
34.88,1418
34.89,1424
34.90,1429
34.91,1434
34.92,1439
34.93,1442
34.94,1446
34.95,1448
34.96,1450
34.97,1452
34.98,1453
34.99,1454
35.00,1454
35.01,1454
35.02,1454
35.03,1454
35.04,1453
35.05,1452
35.06,1451
35.07,1450
35.08,1449
35.09,1448
35.10,1446
35.11,1445
35.12,1443
35.13,1441
35.14,1438
35.15,1435
35.16,1432
35.17,1428
35.18,1424
35.19,1420
35.20,1415
35.21,1409
35.22,1403
35.23,1396
35.24,1388
35.25,1380
35.26,1372
35.27,1363
35.28,1353
35.29,1343
35.30,1333
35.31,1322
35.32,1311
35.33,1299
35.34,1288
35.35,1276
35.36,1265
35.37,1255
35.38,1245
35.39,1235
35.40,1226
35.41,1218
35.42,1210
35.43,1202
35.44,1195
35.45,1188
35.46,1181
35.47,1174
35.48,1167
35.49,1160
35.50,1153
35.51,1145
35.52,1138
35.53,1130
35.54,1123
35.55,1115
35.56,1107
35.57,1098
35.58,1090
35.59,1082
35.60,1073
35.61,1064
35.62,1055
35.63,1046
35.64,1037
35.65,1027
35.66,1017
35.67,1007
35.68,997
35.69,986
35.70,975
35.71,964
35.72,953
35.73,941
35.74,929
35.75,916
35.76,903
35.77,891
35.78,878
35.79,865
35.80,852
35.81,839
35.82,826
35.83,812
35.84,799
35.85,786
35.86,773
35.87,760
35.88,748
35.89,737
35.90,726
35.91,716
35.92,706
35.93,697
35.94,688
35.95,679
35.96,670
35.97,662
35.98,654
35.99,646
36.00,638
36.01,631
36.02,624
36.03,618
36.04,612
36.05,606
36.06,600
36.07,595
36.08,591
36.09,588
36.10,585
36.11,582
36.12,581
36.13,580
36.14,579
36.15,580
36.16,580
36.17,582
36.18,584
36.19,587
36.20,590
36.21,594
36.22,598
36.23,602
36.24,607
36.25,611
36.26,616
36.27,622
36.28,627
36.29,632
36.30,638
36.31,644
36.32,649
36.33,655
36.34,661
36.35,667
36.36,673
36.37,679
36.38,684
36.39,690
36.40,697
36.41,703
36.42,709
36.43,716
36.44,722
36.45,729
36.46,736
36.47,743
36.48,750
36.49,758
36.50,765
36.51,774
36.52,782
36.53,791
36.54,801
36.55,810
36.56,820
36.57,831
36.58,842
36.59,853
36.60,864
36.61,875
36.62,887
36.63,899
36.64,911
36.65,923
36.66,935
36.67,948
36.68,961
36.69,974
36.70,987
36.71,1001
36.72,1015
36.73,1030
36.74,1044
36.75,1059
36.76,1074
36.77,1089
36.78,1104
36.79,1119
36.80,1134
36.81,1149
36.82,1164
36.83,1179
36.84,1194
36.85,1209
36.86,1224
36.87,1240
36.88,1255
36.89,1271
36.90,1286
36.91,1301
36.92,1315
36.93,1329
36.94,1341
36.95,1353
36.96,1364
36.97,1375
36.98,1385
36.99,1394
37.00,1403
37.01,1410
37.02,1418
37.03,1424
37.04,1431
37.05,1437
37.06,1443
37.07,1448
37.08,1454
37.09,1459
37.10,1463
37.11,1468
37.12,1472
37.13,1475
37.14,1479
37.15,1482
37.16,1486
37.17,1489
37.18,1492
37.19,1494
37.20,1497
37.21,1499
37.22,1500
37.23,1501
37.24,1501
37.25,1501
37.26,1500
37.27,1499
37.28,1497
37.29,1494
37.30,1490
37.31,1486
37.32,1482
37.33,1477
37.34,1471
37.35,1466
37.36,1459
37.37,1452
37.38,1445
37.39,1438
37.40,1430
37.41,1422
37.42,1414
37.43,1406
37.44,1397
37.45,1389
37.46,1380
37.47,1371
37.48,1362
37.49,1353
37.50,1344
37.51,1335
37.52,1326
37.53,1316
37.54,1307
37.55,1297
37.56,1287
37.57,1276
37.58,1265
37.59,1254
37.60,1243
37.61,1232
37.62,1220
37.63,1207
37.64,1194
37.65,1181
37.66,1167
37.67,1153
37.68,1139
37.69,1125
37.70,1111
37.71,1096
37.72,1082
37.73,1067
37.74,1052
37.75,1038
37.76,1023
37.77,1008
37.78,993
37.79,978
37.80,964
37.81,949
37.82,935
37.83,920
37.84,906
37.85,892
37.86,878
37.87,865
37.88,851
37.89,837
37.90,823
37.91,810
37.92,796
37.93,783
37.94,771
37.95,758
37.96,746
37.97,733
37.98,721
37.99,709
38.00,697
38.01,685
38.02,673
38.03,661
38.04,650
38.05,639
38.06,628
38.07,617
38.08,606
38.09,595
38.10,584
38.11,574
38.12,563
38.13,552
38.14,542
38.15,531
38.16,521
38.17,510
38.18,500
38.19,490
38.20,481
38.21,471
38.22,461
38.23,452
38.24,442
38.25,433
38.26,424
38.27,415
38.28,406
38.29,397
38.30,388
38.31,379
38.32,370
38.33,361
38.34,352
38.35,343
38.36,335
38.37,327
38.38,318
38.39,310
38.40,301
38.41,292
38.42,284
38.43,276
38.44,267
38.45,259
38.46,251
38.47,243
38.48,235
38.49,227
38.50,221
38.51,214
38.52,209
38.53,204
38.54,200
38.55,197
38.56,194
38.57,192
38.58,190
38.59,189
38.60,189
38.61,189
38.62,190
38.63,192
38.64,194
38.65,197
38.66,200
38.67,204
38.68,208
38.69,213
38.70,218
38.71,223
38.72,229
38.73,235
38.74,241
38.75,247
38.76,254
38.77,262
38.78,269
38.79,277
38.80,285
38.81,293
38.82,301
38.83,309
38.84,317
38.85,326
38.86,334
38.87,343
38.88,351
38.89,360
38.90,369
38.91,379
38.92,388
38.93,397
38.94,407
38.95,416
38.96,426
38.97,435
38.98,445
38.99,455
39.00,466
39.01,476
39.02,487
39.03,498
39.04,509
39.05,521
39.06,532
39.07,544
39.08,556
39.09,569
39.10,582
39.11,595
39.12,608
39.13,622
39.14,636
39.15,649
39.16,663
39.17,677
39.18,691
39.19,704
39.20,718
39.21,732
39.22,746
39.23,760
39.24,775
39.25,789
39.26,803
39.27,817
39.28,831
39.29,845
39.30,859
39.31,872
39.32,886
39.33,900
39.34,914
39.35,928
39.36,942
39.37,956
39.38,970
39.39,984
39.40,998
39.41,1012
39.42,1026
39.43,1040
39.44,1054
39.45,1068
39.46,1082
39.47,1096
39.48,1110
39.49,1124
39.50,1139
39.51,1152
39.52,1166
39.53,1180
39.54,1193
39.55,1206
39.56,1219
39.57,1231
39.58,1243
39.59,1255
39.60,1266
39.61,1276
39.62,1287
39.63,1297
39.64,1307
39.65,1317
39.66,1325
39.67,1333
39.68,1340
39.69,1347
39.70,1352
39.71,1357
39.72,1361
39.73,1365
39.74,1368
39.75,1370
39.76,1372
39.77,1374
39.78,1374
39.79,1375
39.80,1375
39.81,1375
39.82,1375
39.83,1375
39.84,1374
39.85,1374
39.86,1374
39.87,1374
39.88,1374
39.89,1374
39.90,1374
39.91,1374
39.92,1374
39.93,1374
39.94,1375
39.95,1375
39.96,1374
39.97,1374
39.98,1373
39.99,1371
40.00,1370
40.01,1367
40.02,1364
40.03,1360
40.04,1356
40.05,1352
40.06,1347
40.07,1341
40.08,1336
40.09,1330
40.10,1324
40.11,1317
40.12,1311
40.13,1304
40.14,1297
40.15,1290
40.16,1283
40.17,1276
40.18,1269
40.19,1262
40.20,1255
40.21,1248
40.22,1241
40.23,1234
40.24,1227
40.25,1220
40.26,1214
40.27,1207
40.28,1201
40.29,1195
40.30,1189
40.31,1183
40.32,1177
40.33,1172
40.34,1167
40.35,1162
40.36,1157
40.37,1152
40.38,1148
40.39,1143
40.40,1139
40.41,1135
40.42,1131
40.43,1127
40.44,1123
40.45,1120
40.46,1116
40.47,1113
40.48,1110
40.49,1107
40.50,1104
40.51,1101
40.52,1098
40.53,1096
40.54,1093
40.55,1091
40.56,1089
40.57,1087
40.58,1085
40.59,1083
40.60,1081
40.61,1079
40.62,1077
40.63,1076
40.64,1074
40.65,1072
40.66,1070
40.67,1068
40.68,1066
40.69,1064
40.70,1062
40.71,1060
40.72,1058
40.73,1056
40.74,1054
40.75,1051
40.76,1049
40.77,1047
40.78,1044
40.79,1041
40.80,1039
40.81,1036
40.82,1034
40.83,1031
40.84,1029
40.85,1027
40.86,1025
40.87,1023
40.88,1020
40.89,1018
40.90,1015
40.91,1013
40.92,1011
40.93,1008
40.94,1006
40.95,1003
40.96,1001
40.97,998
40.98,996
40.99,993
41.00,990
41.01,987
41.02,984
41.03,981
41.04,978
41.05,975
41.06,972
41.07,969
41.08,966
41.09,963
41.10,960
41.11,957
41.12,954
41.13,951
41.14,948
41.15,945
41.16,942
41.17,939
41.18,936
41.19,932
41.20,929
41.21,926
41.22,922
41.23,919
41.24,916
41.25,912
41.26,909
41.27,906
41.28,902
41.29,898
41.30,895
41.31,891
41.32,888
41.33,885
41.34,882
41.35,878
41.36,875
41.37,872
41.38,869
41.39,866
41.40,864
41.41,861
41.42,858
41.43,855
41.44,852
41.45,849
41.46,846
41.47,843
41.48,840
41.49,837
41.50,834
41.51,831
41.52,828
41.53,825
41.54,822
41.55,819
41.56,816
41.57,813
41.58,810
41.59,808
41.60,805
41.61,802
41.62,799
41.63,796
41.64,793
41.65,791
41.66,788
41.67,785
41.68,783
41.69,780
41.70,778
41.71,775
41.72,773
41.73,770
41.74,768
41.75,765
41.76,763
41.77,760
41.78,758
41.79,755
41.80,753
41.81,751
41.82,748
41.83,746
41.84,744
41.85,743
41.86,741
41.87,739
41.88,738
41.89,736
41.90,734
41.91,733
41.92,731
41.93,730
41.94,729
41.95,728
41.96,726
41.97,725
41.98,724
41.99,722
42.00,721
42.01,720
42.02,718
42.03,717
42.04,716
42.05,714
42.06,713
42.07,712
42.08,710
42.09,709
42.10,708
42.11,706
42.12,705
42.13,703
42.14,702
42.15,700
42.16,699
42.17,697
42.18,695
42.19,693
42.20,692
42.21,690
42.22,687
42.23,685
42.24,683
42.25,681
42.26,679
42.27,676
42.28,674
42.29,671
42.30,669
42.31,666
42.32,664
42.33,661
42.34,658
42.35,655
42.36,652
42.37,650
42.38,647
42.39,644
42.40,641
42.41,638
42.42,635
42.43,632
42.44,629
42.45,626
42.46,623
42.47,620
42.48,617
42.49,615
42.50,612
42.51,610
42.52,607
42.53,604
42.54,602
42.55,599
42.56,597
42.57,595
42.58,593
42.59,591
42.60,588
42.61,586
42.62,584
42.63,582
42.64,580
42.65,578
42.66,576
42.67,575
42.68,573
42.69,571
42.70,569
42.71,567
42.72,565
42.73,564
42.74,562
42.75,560
42.76,558
42.77,555
42.78,553
42.79,551
42.80,549
42.81,547
42.82,545
42.83,543
42.84,541
42.85,539
42.86,537
42.87,535
42.88,533
42.89,531
42.90,529
42.91,526
42.92,524
42.93,522
42.94,519
42.95,517
42.96,515
42.97,512
42.98,510
42.99,508
43.00,506
43.01,504
43.02,501
43.03,499
43.04,497
43.05,495
43.06,493
43.07,491
43.08,488
43.09,487
43.10,485
43.11,483
43.12,481
43.13,479
43.14,477
43.15,475
43.16,474
43.17,472
43.18,470
43.19,468
43.20,466
43.21,464
43.22,463
43.23,461
43.24,459
43.25,457
43.26,455
43.27,453
43.28,451
43.29,449
43.30,447
43.31,445
43.32,443
43.33,441
43.34,439
43.35,438
43.36,436
43.37,434
43.38,432
43.39,430
43.40,429
43.41,427
43.42,425
43.43,424
43.44,422
43.45,420
43.46,419
43.47,417
43.48,415
43.49,413
43.50,412
43.51,410
43.52,408
43.53,406
43.54,404
43.55,403
43.56,400
43.57,398
43.58,396
43.59,394
43.60,392
43.61,390
43.62,387
43.63,385
43.64,383
43.65,380
43.66,378
43.67,376
43.68,373
43.69,371
43.70,369
43.71,366
43.72,364
43.73,362
43.74,359
43.75,357
43.76,354
43.77,352
43.78,350
43.79,347
43.80,344
43.81,342
43.82,339
43.83,337
43.84,335
43.85,332
43.86,330
43.87,328
43.88,325
43.89,323
43.90,321
43.91,319
43.92,317
43.93,315
43.94,313
43.95,311
43.96,310
43.97,308
43.98,306
43.99,304
44.00,302
44.01,300
44.02,297
44.03,295
44.04,293
44.05,291
44.06,288
44.07,286
44.08,283
44.09,281
44.10,278
44.11,275
44.12,271
44.13,268
44.14,265
44.15,261
44.16,258
44.17,255
44.18,251
44.19,248
44.20,245
44.21,242
44.22,239
44.23,236
44.24,232
44.25,229
44.26,226
44.27,223
44.28,220
44.29,217
44.30,214
44.31,211
44.32,208
44.33,204
44.34,201
44.35,198
44.36,194
44.37,191
44.38,188
44.39,184
44.40,181
44.41,178
44.42,174
44.43,171
44.44,167
44.45,164
44.46,161
44.47,158
44.48,154
44.49,151
44.50,148
44.51,145
44.52,142
44.53,140
44.54,138
44.55,135
44.56,133
44.57,131
44.58,129
44.59,127
44.60,125
44.61,123
44.62,121
44.63,119
44.64,118
44.65,116
44.66,114
44.67,112
44.68,111
44.69,110
44.70,108
44.71,107
44.72,106
44.73,105
44.74,104
44.75,104
44.76,103
44.77,102
44.78,102
44.79,102
44.80,102
44.81,102
44.82,102
44.83,102
44.84,101
44.85,100
44.86,99
44.87,98
44.88,96
44.89,94
44.90,92
44.91,90
44.92,87
44.93,85
44.94,82
44.95,79
44.96,77
44.97,74
44.98,72
44.99,70
45.00,68
45.01,66
45.02,64
45.03,63
45.04,61
45.05,59
45.06,58
45.07,56
45.08,55
45.09,53
45.10,52
45.11,50
45.12,48
45.13,46
45.14,44
45.15,42
45.16,39
45.17,37
45.18,36
45.19,34
45.20,32
45.21,31
45.22,30
45.23,29
45.24,28
45.25,27
45.26,25
45.27,24
45.28,22
45.29,21
45.30,20
45.31,19
45.32,18
45.33,16
45.34,15
45.35,13
45.36,12
45.37,11
45.38,10
45.39,10
45.40,10
45.41,11
45.42,11
45.43,12
45.44,13
45.45,14
45.46,16
45.47,18
45.48,20
45.49,23
45.50,27
45.51,31
45.52,36
45.53,40
45.54,45
45.55,51
45.56,56
45.57,62
45.58,67
45.59,73
45.60,80
45.61,87
45.62,94
45.63,101
45.64,109
45.65,116
45.66,124
45.67,132
45.68,140
45.69,147
45.70,155
45.71,163
45.72,171
45.73,178
45.74,186
45.75,194
45.76,201
45.77,209
45.78,216
45.79,224
45.80,232
45.81,239
45.82,247
45.83,254
45.84,262
45.85,269
45.86,276
45.87,283
45.88,290
45.89,297
45.90,304
45.91,311
45.92,317
45.93,323
45.94,329
45.95,335
45.96,341
45.97,347
45.98,353
45.99,358
46.00,363
46.01,368
46.02,373
46.03,378
46.04,383
46.05,388
46.06,393
46.07,399
46.08,404
46.09,409
46.10,414
46.11,418
46.12,423
46.13,427
46.14,431
46.15,436
46.16,440
46.17,444
46.18,449
46.19,454
46.20,459
46.21,463
46.22,468
46.23,473
46.24,477
46.25,482
46.26,487
46.27,491
46.28,496
46.29,501
46.30,506
46.31,511
46.32,517
46.33,522
46.34,527
46.35,532
46.36,537
46.37,542
46.38,547
46.39,552
46.40,557
46.41,562
46.42,566
46.43,571
46.44,575
46.45,580
46.46,584
46.47,588
46.48,593
46.49,597
46.50,601
46.51,606
46.52,610
46.53,614
46.54,618
46.55,622
46.56,626
46.57,630
46.58,634
46.59,638
46.60,642
46.61,646
46.62,650
46.63,654
46.64,658
46.65,662
46.66,666
46.67,670
46.68,674
46.69,679
46.70,683
46.71,687
46.72,691
46.73,696
46.74,700
46.75,704
46.76,708
46.77,712
46.78,716
46.79,720
46.80,724
46.81,728
46.82,731
46.83,735
46.84,738
46.85,742
46.86,746
46.87,750
46.88,753
46.89,757
46.90,761
46.91,765
46.92,768
46.93,772
46.94,776
46.95,779
46.96,783
46.97,787
46.98,792
46.99,796
47.00,800
47.01,805
47.02,809
47.03,813
47.04,818
47.05,822
47.06,826
47.07,831
47.08,835
47.09,840
47.10,844
47.11,849
47.12,854
47.13,858
47.14,863
47.15,867
47.16,872
47.17,876
47.18,881
47.19,885
47.20,890
47.21,894
47.22,899
47.23,904
47.24,909
47.25,914
47.26,919
47.27,924
47.28,928
47.29,933
47.30,938
47.31,942
47.32,947
47.33,952
47.34,957
47.35,962
47.36,967
47.37,971
47.38,976
47.39,981
47.40,986
47.41,991
47.42,996
47.43,1001
47.44,1006
47.45,1011
47.46,1016
47.47,1021
47.48,1026
47.49,1031
47.50,1036
47.51,1041
47.52,1046
47.53,1051
47.54,1056
47.55,1061
47.56,1066
47.57,1071
47.58,1078
47.59,1083
47.60,1088
47.61,1093
47.62,1098
47.63,1102
47.64,1107
47.65,1112
47.66,1116
47.67,1121
47.68,1125
47.69,1130
47.70,1134
47.71,1138
47.72,1142
47.73,1145
47.74,1149
47.75,1153
47.76,1157
47.77,1160
47.78,1164
47.79,1167
47.80,1171
47.81,1175
47.82,1179
47.83,1183
47.84,1187
47.85,1191
47.86,1195
47.87,1200
47.88,1204
47.89,1209
47.90,1213
47.91,1217
47.92,1221
47.93,1226
47.94,1230
47.95,1235
47.96,1239
47.97,1243
47.98,1247
47.99,1251
48.00,1256
48.01,1260
48.02,1264
48.03,1268
48.04,1272
48.05,1276
48.06,1280
48.07,1284
48.08,1288
48.09,1292
48.10,1296
48.11,1300
48.12,1304
48.13,1308
48.14,1312
48.15,1315
48.16,1319
48.17,1323
48.18,1327
48.19,1330
48.20,1334
48.21,1337
48.22,1341
48.23,1345
48.24,1348
48.25,1352
48.26,1356
48.27,1360
48.28,1364
48.29,1368
48.30,1372
48.31,1376
48.32,1380
48.33,1383
48.34,1387
48.35,1392
48.36,1396
48.37,1401
48.38,1405
48.39,1410
48.40,1415
48.41,1419
48.42,1424
48.43,1429
48.44,1433
48.45,1438
48.46,1442
48.47,1447
48.48,1451
48.49,1455
48.50,1458
48.51,1461
48.52,1464
48.53,1466
48.54,1469
48.55,1471
48.56,1474
48.57,1477
48.58,1480
48.59,1483
48.60,1485
48.61,1488
48.62,1491
48.63,1493
48.64,1495
48.65,1497
48.66,1499
48.67,1500
48.68,1501
48.69,1502
48.70,1504
48.71,1505
48.72,1507
48.73,1508
48.74,1510
48.75,1512
48.76,1515
48.77,1518
48.78,1522
48.79,1527
48.80,1531
48.81,1537
48.82,1542
48.83,1548
48.84,1553
48.85,1557
48.86,1559
48.87,1561
48.88,1560
48.89,1559
48.90,1558
48.91,1557
48.92,1557
48.93,1557
48.94,1556
48.95,1555
48.96,1555
48.97,1555
48.98,1555
48.99,1555
49.00,1555
49.01,1554
49.02,1554
49.03,1552
49.04,1550
49.05,1548
49.06,1544
49.07,1541
49.08,1536
49.09,1531
49.10,1526
49.11,1520
49.12,1513
49.13,1507
49.14,1500
49.15,1493
49.16,1486
49.17,1479
49.18,1471
49.19,1463
49.20,1456
49.21,1448
49.22,1440
49.23,1432
49.24,1424
49.25,1416
49.26,1408
49.27,1400
49.28,1392
49.29,1383
49.30,1374
49.31,1365
49.32,1356
49.33,1347
49.34,1337
49.35,1328
49.36,1318
49.37,1308
49.38,1299
49.39,1289
49.40,1279
49.41,1269
49.42,1259
49.43,1249
49.44,1239
49.45,1229
49.46,1219
49.47,1209
49.48,1199
49.49,1190
49.50,1180
49.51,1170
49.52,1161
49.53,1152
49.54,1143
49.55,1133
49.56,1124
49.57,1115
49.58,1106
49.59,1097
49.60,1089
49.61,1080
49.62,1072
49.63,1063
49.64,1056
49.65,1048
49.66,1040
49.67,1033
49.68,1026
49.69,1019
49.70,1012
49.71,1005
49.72,999
49.73,993
49.74,987
49.75,981
49.76,975
49.77,969
49.78,964
49.79,959
49.80,953
49.81,948
49.82,943
49.83,939
49.84,934
49.85,929
49.86,924
49.87,920
49.88,915
49.89,911
49.90,906
49.91,902
49.92,897
49.93,893
49.94,888
49.95,884
49.96,879
49.97,874
49.98,869
49.99,865
