0.00, 83.916077, 1.009277, 0.014160, 
0.01, 104.895100, 0.947510, -0.052002, 
0.02, 181.818180, 1.000244, 0.076904, 
0.03, 160.839160, 0.923096, -0.012939, 
0.04, 115.384610, 0.974121, 0.027588, 
0.05, 115.384610, 1.010498, 0.051758, 
0.06, 118.881110, 1.027832, 0.078125, 
0.07, 101.398600, 0.990234, -0.010254, 
0.08, 136.363630, 1.036133, 0.053955, 
0.09, 115.384610, 1.007080, 0.053711, 
0.10, 118.881110, 0.999756, 0.025879, 
0.11, 125.874120, 0.982422, 0.015137, 
0.12, 136.363630, 1.003662, 0.045654, 
0.13, 129.370620, 1.004150, 0.035156, 
0.14, 129.370620, 1.000488, 0.026855, 
0.15, 125.874120, 0.997559, 0.042725, 
0.16, 115.384610, 1.000244, 0.029297, 
0.17, 122.377620, 1.006104, 0.038086, 
0.18, 122.377620, 0.997070, 0.036133, 
0.19, 129.370620, 0.995605, 0.033691, 
0.20, 125.874120, 0.995361, 0.030029, 
0.21, 115.384610, 0.999023, 0.046143, 
0.22, 122.377620, 0.994141, 0.032471, 
0.23, 132.867130, 1.010742, 0.032227, 
0.24, 122.377620, 1.002930, 0.047363, 
0.25, 108.391600, 0.997559, 0.032715, 
0.26, 122.377620, 1.001221, 0.030518, 
0.27, 122.377620, 0.993164, 0.039307, 
0.28, 118.881110, 1.000732, 0.039307, 
0.29, 111.888110, 0.995361, 0.028564, 
0.30, 125.874120, 0.998779, 0.026367, 
0.31, 132.867130, 1.011230, 0.037354, 
0.32, 129.370620, 0.995117, 0.039063, 
0.33, 125.874120, 0.997559, 0.037842, 
0.34, 125.874120, 0.996826, 0.037842, 
0.35, 115.384610, 1.006592, 0.038330, 
0.36, 118.881110, 0.998535, 0.030762, 
0.37, 122.377620, 0.988037, 0.034424, 
0.38, 125.874120, 1.000977, 0.035156, 
0.39, 122.377620, 0.995117, 0.036377, 
0.40, 118.881110, 1.002686, 0.036621, 
0.41, 139.860140, 0.993408, 0.037109, 
0.42, 125.874120, 0.996094, 0.045410, 
0.43, 108.391600, 1.003174, 0.035156, 
0.44, 118.881110, 0.999023, 0.034668, 
0.45, 118.881110, 0.996826, 0.027832, 
0.46, 122.377620, 0.996826, 0.041504, 
0.47, 122.377620, 1.001953, 0.035889, 
0.48, 129.370620, 0.995850, 0.035400, 
0.49, 115.384610, 0.998779, 0.038086, 
0.50, 122.377620, 0.990967, 0.030029, 
0.51, 118.881110, 1.005371, 0.029541, 
0.52, 122.377620, 0.995605, 0.039307, 
0.53, 125.874120, 1.000244, 0.035156, 
0.54, 136.363630, 1.002930, 0.037598, 
0.55, 125.874120, 0.999512, 0.038330, 
0.56, 125.874120, 0.996582, 0.039551, 
0.57, 129.370620, 1.000244, 0.040039, 
0.58, 125.874120, 0.992676, 0.042725, 
0.59, 115.384610, 0.996094, 0.038086, 
0.60, 115.384610, 0.996582, 0.040283, 
0.61, 129.370620, 0.996094, 0.029297, 
0.62, 132.867130, 1.002441, 0.038574, 
0.63, 122.377620, 0.989258, 0.042236, 
0.64, 104.895100, 0.998779, 0.023682, 
0.65, 132.867130, 1.000977, 0.031250, 
0.66, 132.867130, 0.994629, 0.037109, 
0.67, 122.377620, 0.994873, 0.045410, 
0.68, 97.902092, 0.999756, 0.029053, 
0.69, 129.370620, 0.998535, 0.018555, 
0.70, 143.356640, 0.985596, 0.046143, 
0.71, 104.895100, 1.002441, 0.044434, 
0.72, 118.881110, 0.995605, 0.027344, 
0.73, 129.370620, 1.007324, 0.035645, 
0.74, 136.363630, 1.003418, 0.039063, 
0.75, 108.391600, 0.993408, 0.047119, 
0.76, 97.902092, 1.002441, 0.033691, 
0.77, 125.874120, 0.997070, 0.027588, 
0.78, 129.370620, 1.003174, 0.035400, 
0.79, 139.860140, 1.004883, 0.032227, 
0.80, 129.370620, 1.001221, 0.043457, 
0.81, 108.391600, 0.986328, 0.040283, 
0.82, 115.384610, 1.000244, 0.039551, 
0.83, 118.881110, 0.999512, 0.030518, 
0.84, 136.363630, 0.994385, 0.035889, 
0.85, 132.867130, 0.986084, 0.043213, 
0.86, 97.902092, 0.993652, 0.039063, 
0.87, 111.888110, 1.001465, 0.033203, 
0.88, 125.874120, 0.997070, 0.031982, 
0.89, 118.881110, 1.001465, 0.034912, 
0.90, 118.881110, 0.988770, 0.037354, 
0.91, 108.391600, 1.004395, 0.032715, 
0.92, 125.874120, 0.999512, 0.038330, 
0.93, 122.377620, 0.992188, 0.049561, 
0.94, 122.377620, 1.000488, 0.033691, 
0.95, 118.881110, 0.999023, 0.028809, 
0.96, 125.874120, 1.000732, 0.043457, 
0.97, 118.881110, 1.009277, 0.042480, 
0.98, 118.881110, 1.005127, 0.040283, 
0.99, 108.391600, 0.995605, 0.039307, 
1.00, 101.398600, 0.984375, 0.039551, 
1.01, 108.391600, 1.007324, 0.026855, 
1.02, 122.377620, 0.993408, 0.032715, 
1.03, 118.881110, 0.992920, 0.032715, 
1.04, 115.384610, 0.991211, 0.033691, 
1.05, 90.909088, 1.007568, 0.062012, 
1.06, 76.923073, 0.980469, 0.018066, 
1.07, 87.412582, 1.008057, 0.039551, 
1.08, 101.398600, 0.984863, 0.012207, 
1.09, 143.356640, 1.010986, 0.017334, 
1.10, 146.853130, 0.978516, 0.068115, 
1.11, 94.405586, 1.007813, 0.039307, 
1.12, 132.867130, 1.010986, -0.007813, 
1.13, 185.314680, 1.014160, 0.040039, 
1.14, 143.356640, 0.980469, 0.083008, 
1.15, 62.937061, 0.996338, 0.050781, 
1.16, 104.895100, 0.996094, 0.000244, 
1.17, 150.349640, 1.006592, 0.029297, 
1.18, 122.377620, 0.991455, 0.055664, 
1.19, 104.895100, 0.999512, 0.037598, 
1.20, 132.867130, 1.003662, 0.013672, 
1.21, 160.839160, 1.004883, 0.035156, 
1.22, 129.370620, 0.991455, 0.047119, 
1.23, 108.391600, 0.993652, 0.034424, 
1.24, 122.377620, 1.000732, 0.019043, 
1.25, 139.860140, 0.993408, 0.036621, 
1.26, 143.356640, 0.989502, 0.036377, 
1.27, 143.356640, 0.993896, 0.027832, 
1.28, 136.363630, 1.005859, 0.042969, 
1.29, 125.874120, 1.002686, 0.047119, 
1.30, 108.391600, 0.998535, 0.038574, 
1.31, 115.384610, 1.008789, 0.022949, 
1.32, 125.874120, 0.990479, 0.042969, 
1.33, 108.391600, 0.989990, 0.049805, 
1.34, 97.902092, 1.005127, 0.036133, 
1.35, 125.874120, 0.993896, 0.031250, 
1.36, 118.881110, 1.017090, 0.046143, 
1.37, 122.377620, 0.998535, 0.039551, 
1.38, 132.867130, 0.992188, 0.029541, 
1.39, 129.370620, 1.006348, 0.033936, 
1.40, 122.377620, 0.993164, 0.036621, 
1.41, 115.384610, 0.987793, 0.038574, 
1.42, 111.888110, 0.989014, 0.030029, 
1.43, 118.881110, 1.000000, 0.035645, 
1.44, 125.874120, 0.997314, 0.038574, 
1.45, 129.370620, 0.991943, 0.033203, 
1.46, 125.874120, 0.992920, 0.034912, 
1.47, 118.881110, 1.003174, 0.038330, 
1.48, 129.370620, 0.992920, 0.037354, 
1.49, 122.377620, 0.991455, 0.046875, 
1.50, 118.881110, 1.001709, 0.036377, 
1.51, 111.888110, 1.010498, 0.035645, 
1.52, 139.860140, 0.985107, 0.031982, 
1.53, 136.363630, 1.004639, 0.041260, 
1.54, 129.370620, 1.002441, 0.029785, 
1.55, 122.377620, 1.001221, 0.042725, 
1.56, 118.881110, 1.006348, 0.041748, 
1.57, 136.363630, 0.990479, 0.022949, 
1.58, 150.349640, 1.008545, 0.034180, 
1.59, 146.853130, 0.997314, 0.032227, 
1.60, 153.846150, 1.000244, 0.028564, 
1.61, 157.342650, 1.002441, 0.039307, 
1.62, 164.335660, 0.995361, 0.044434, 
1.63, 146.853130, 0.996094, 0.034912, 
1.64, 157.342650, 1.001465, 0.045166, 
1.65, 167.832150, 0.997070, 0.019775, 
1.66, 185.314680, 0.996338, 0.039063, 
1.67, 202.797200, 0.994141, 0.030273, 
1.68, 216.783200, 1.014893, 0.033936, 
1.69, 234.265720, 1.001465, 0.020752, 
1.70, 251.748250, 0.994141, 0.040527, 
1.71, 279.720280, 0.974854, 0.001465, 
1.72, 437.062930, 0.996338, -0.044678, 
1.73, 601.398560, 0.997803, -0.007568, 
1.74, 629.370610, 0.986084, 0.065674, 
1.75, 618.881100, 1.032959, 0.067627, 
1.76, 541.958010, 1.004639, 0.095215, 
1.77, 493.006960, 1.005615, 0.080811, 
1.78, 475.524440, 0.977539, 0.059326, 
1.79, 461.538450, 0.996826, 0.036621, 
1.80, 517.482480, 1.011963, -0.006836, 
1.81, 671.328610, 0.996582, 0.043457, 
1.82, 713.286680, 0.989502, 0.032471, 
1.83, 779.720210, 1.010986, 0.024170, 
1.84, 881.118840, 0.979736, 0.054199, 
1.85, 940.559390, 1.009277, 0.035400, 
1.86, 937.062870, 0.992188, 0.066406, 
1.87, 916.083860, 0.985107, 0.094727, 
1.88, 905.594360, 1.012207, 0.064209, 
1.89, 909.090880, 0.984619, 0.074707, 
1.90, 870.629330, 1.035156, 0.068359, 
1.91, 804.195740, 0.993408, 0.089111, 
1.92, 839.160830, 1.000732, 0.008301, 
1.93, 1027.971900, 1.001221, -0.011475, 
1.94, 1206.293700, 0.998779, 0.021240, 
1.95, 1209.790200, 0.946777, 0.107666, 
1.96, 1188.811200, 1.023926, 0.081787, 
1.97, 1279.720200, 0.981934, 0.051514, 
1.98, 1363.636400, 0.994385, 0.076172, 
1.99, 1398.601300, 0.979004, 0.104492, 
2.00, 1398.601300, 1.003906, 0.093506, 
2.01, 1440.559300, 0.974121, 0.077148, 
2.02, 1531.468500, 1.040771, 0.016602, 
2.03, 1650.349600, 0.938965, 0.145508, 
2.04, 1594.405500, 1.004883, 0.123535, 
2.05, 1601.398600, 0.981201, 0.125732, 
2.06, 1604.895000, 0.985107, 0.128418, 
2.07, 1611.888100, 0.969971, 0.138672, 
2.08, 1611.888100, 0.971680, 0.116211, 
2.09, 1636.363500, 1.024170, 0.124512, 
2.10, 1674.825100, 0.953369, 0.134766, 
2.11, 1730.769200, 1.006836, 0.117676, 
2.12, 1807.692300, 0.971436, 0.113281, 
2.13, 1898.601300, 0.980225, 0.100342, 
2.14, 2010.489400, 0.972412, 0.138428, 
2.15, 2041.957900, 0.989990, 0.178955, 
2.16, 2006.992900, 0.967041, 0.197754, 
2.17, 1947.552400, 0.972900, 0.211670, 
2.18, 1895.104900, 0.988525, 0.201416, 
2.19, 1881.118800, 0.980225, 0.182617, 
2.20, 1930.069800, 0.976807, 0.178955, 
2.21, 1986.013900, 0.974609, 0.186035, 
2.22, 2024.475500, 0.966553, 0.173584, 
2.23, 2122.377400, 0.962402, 0.167480, 
2.24, 2255.244600, 0.975830, 0.169434, 
2.25, 2377.622300, 0.956787, 0.174072, 
2.26, 2496.503400, 0.962891, 0.184082, 
2.27, 2587.412400, 0.958496, 0.206543, 
2.28, 2667.832000, 0.958984, 0.229736, 
2.29, 2699.300500, 0.957764, 0.253418, 
2.30, 2713.286600, 0.943359, 0.255371, 
2.31, 2748.251700, 0.949463, 0.245605, 
2.32, 2825.174800, 0.949951, 0.250244, 
2.33, 2905.594200, 0.944092, 0.244385, 
2.34, 3006.992900, 0.951416, 0.252197, 
2.35, 3125.874000, 0.939941, 0.244141, 
2.36, 3199.300500, 0.926758, 0.293457, 
2.37, 3234.265600, 0.936035, 0.322021, 
2.38, 3234.265600, 0.937256, 0.345215, 
2.39, 3216.783000, 0.930908, 0.346436, 
2.40, 3244.755100, 0.926758, 0.333252, 
2.41, 3237.762200, 0.907227, 0.365967, 
2.42, 3234.265600, 0.908203, 0.354492, 
2.43, 3304.195600, 0.917236, 0.348145, 
2.44, 3363.636200, 0.908203, 0.363770, 
2.45, 3381.118700, 0.902100, 0.397461, 
2.46, 3374.125700, 0.896484, 0.428955, 
2.47, 3300.699200, 0.893799, 0.453613, 
2.48, 3206.293500, 0.904297, 0.444092, 
2.49, 3153.845900, 0.885986, 0.454346, 
2.50, 3097.901900, 0.882324, 0.458008, 
2.51, 3080.419400, 0.885986, 0.447021, 
2.52, 3097.901900, 0.866211, 0.447021, 
2.53, 3136.363500, 0.869141, 0.431396, 
2.54, 3241.258500, 0.859131, 0.416748, 
2.55, 3377.622300, 0.867432, 0.414307, 
2.56, 3517.482400, 0.853516, 0.441895, 
2.57, 3608.391400, 0.853271, 0.483398, 
2.58, 3622.377400, 0.843018, 0.524170, 
2.59, 3566.433300, 0.848633, 0.542480, 
2.60, 3513.985800, 0.835693, 0.556152, 
2.61, 3440.559300, 0.821289, 0.555176, 
2.62, 3395.104700, 0.828613, 0.558594, 
2.63, 3374.125700, 0.812012, 0.560547, 
2.64, 3377.622300, 0.808105, 0.543457, 
2.65, 3437.062700, 0.791748, 0.548828, 
2.66, 3486.013900, 0.797852, 0.568359, 
2.67, 3489.510300, 0.796631, 0.578613, 
2.68, 3503.496300, 0.792725, 0.584961, 
2.69, 3517.482400, 0.762207, 0.592285, 
2.70, 3524.475300, 0.777832, 0.612549, 
2.71, 3482.517300, 0.759277, 0.635010, 
2.72, 3461.538300, 0.756104, 0.627930, 
2.73, 3468.531300, 0.757813, 0.632324, 
2.74, 3475.524400, 0.734863, 0.626953, 
2.75, 3534.964800, 0.740723, 0.636719, 
2.76, 3548.950900, 0.725586, 0.662598, 
2.77, 3559.440400, 0.726563, 0.672119, 
2.78, 3486.013900, 0.732910, 0.716309, 
2.79, 3321.678200, 0.707764, 0.767822, 
2.80, 3104.895000, 0.697754, 0.768311, 
2.81, 2940.559300, 0.708252, 0.755127, 
2.82, 2811.188700, 0.704102, 0.752686, 
2.83, 2699.300500, 0.695313, 0.761719, 
2.84, 2559.440400, 0.691895, 0.767822, 
2.85, 2454.545400, 0.675049, 0.742432, 
2.86, 2419.580300, 0.676514, 0.729248, 
2.87, 2430.069800, 0.679688, 0.721680, 
2.88, 2451.048800, 0.677246, 0.718262, 
2.89, 2454.545400, 0.659424, 0.728516, 
2.90, 2454.545400, 0.657959, 0.755371, 
2.91, 2419.580300, 0.648926, 0.751465, 
2.92, 2416.083700, 0.649170, 0.745117, 
2.93, 2437.062700, 0.635498, 0.749512, 
2.94, 2433.566400, 0.635498, 0.755859, 
2.95, 2412.587400, 0.626465, 0.775635, 
2.96, 2388.111800, 0.624268, 0.788818, 
2.97, 2346.153800, 0.626465, 0.791992, 
2.98, 2304.195800, 0.622314, 0.790283, 
2.99, 2269.230700, 0.616455, 0.779053, 
3.00, 2290.209700, 0.611816, 0.785889, 
3.01, 2297.202600, 0.604492, 0.774902, 
3.02, 2311.188700, 0.606445, 0.792969, 
3.03, 2314.685300, 0.590820, 0.808105, 
3.04, 2286.713100, 0.579346, 0.840088, 
3.05, 2206.293700, 0.583984, 0.831055, 
3.06, 2181.818100, 0.570313, 0.808594, 
3.07, 2171.328600, 0.572998, 0.824463, 
3.08, 2129.370600, 0.566650, 0.825195, 
3.09, 2118.881100, 0.557373, 0.829834, 
3.10, 2073.426500, 0.549561, 0.852539, 
3.11, 2034.965000, 0.558350, 0.836182, 
3.12, 2006.992900, 0.547363, 0.823730, 
3.13, 2017.482400, 0.543945, 0.830078, 
3.14, 1996.503400, 0.538086, 0.851807, 
3.15, 1958.041900, 0.538818, 0.872070, 
3.16, 1846.153800, 0.529297, 0.913574, 
3.17, 1657.342500, 0.528564, 0.934326, 
3.18, 1423.076900, 0.526367, 0.947021, 
3.19, 1209.790200, 0.513916, 0.937500, 
3.20, 996.503480, 0.520264, 0.944336, 
3.21, 755.244690, 0.515869, 0.975830, 
3.22, 437.062930, 0.518555, 1.013428, 
3.23, 31.468531, 0.529541, 1.032715, 
3.24, -412.587400, 0.524414, 1.056152, 
3.25, -888.111820, 0.526367, 1.059326, 
3.26, -1377.622300, 0.525635, 1.049805, 
3.27, -1849.650300, 0.522949, 1.056641, 
3.28, -2363.636200, 0.514893, 1.072021, 
3.29, -2853.146700, 0.514648, 1.046631, 
3.30, -3297.202600, 0.542725, 1.032471, 
3.31, -3765.734100, 0.549805, 1.041504, 
3.32, -4293.706100, 0.561035, 1.043701, 
3.33, -4800.699200, 0.559570, 1.009277, 
3.34, -5234.265600, 0.552490, 0.959717, 
3.35, -5569.929700, 0.541748, 0.919189, 
3.36, -5825.174300, 0.562744, 0.883301, 
3.37, -6083.916000, 0.583008, 0.889160, 
3.38, -6353.146500, 0.603516, 0.879395, 
3.39, -6713.286600, 0.607422, 0.855225, 
3.40, -6818.181600, 0.624023, 0.828369, 
3.41, -7087.412100, 0.635986, 0.812012, 
3.42, -7304.195300, 0.622559, 0.770996, 
3.43, -7444.055700, 0.640869, 0.742920, 
3.44, -7562.936500, 0.675781, 0.712891, 
3.45, -7667.832000, 0.681885, 0.679688, 
3.46, -7720.279300, 0.666504, 0.637939, 
3.47, -7685.314500, 0.700684, 0.571045, 
3.48, -7590.908700, 0.735107, 0.553711, 
3.49, -7562.936500, 0.762695, 0.561279, 
3.50, -7566.433100, 0.749756, 0.543457, 
3.51, -7541.957500, 0.758545, 0.534424, 
3.52, -7541.957500, 0.777588, 0.529785, 
3.53, -7566.433100, 0.785645, 0.494385, 
3.54, -7555.943800, 0.797363, 0.450195, 
3.55, -7447.552200, 0.811523, 0.393066, 
3.56, -7307.691900, 0.822754, 0.355713, 
3.57, -7136.363300, 0.845215, 0.333740, 
3.58, -6982.517100, 0.866699, 0.313721, 
3.59, -6821.678200, 0.866943, 0.303223, 
3.60, -6667.832000, 0.869141, 0.271484, 
3.61, -6503.496100, 0.877197, 0.253662, 
3.62, -6297.202600, 0.883545, 0.251953, 
3.63, -6171.328600, 0.902344, 0.248047, 
3.64, -6059.440400, 0.912842, 0.236816, 
3.65, -5986.013700, 0.920898, 0.222412, 
3.66, -5888.111800, 0.926758, 0.177734, 
3.67, -5727.272500, 0.925537, 0.143066, 
3.68, -5531.468300, 0.941406, 0.132568, 
3.69, -5402.097700, 0.952148, 0.131592, 
3.70, -5283.216300, 0.941162, 0.122559, 
3.71, -5185.314500, 0.939209, 0.124512, 
3.72, -5108.391600, 0.957031, 0.113281, 
3.73, -5038.461400, 0.948486, 0.101318, 
3.74, -4975.524400, 0.954102, 0.096436, 
3.75, -4972.027800, 0.954590, 0.098633, 
3.76, -4982.517100, 0.952637, 0.074707, 
3.77, -4954.545400, 0.975586, 0.030518, 
3.78, -4867.132800, 0.966309, -0.018555, 
3.79, -4702.796900, 0.964600, -0.036377, 
3.80, -4587.412600, 0.959229, -0.021973, 
3.81, -4517.482400, 0.975586, -0.017334, 
3.82, -4461.538100, 0.969727, -0.036133, 
3.83, -4402.097700, 0.972900, -0.043213, 
3.84, -4384.615200, 0.960938, -0.047363, 
3.85, -4360.139600, 0.965332, -0.079102, 
3.86, -4290.209500, 0.970947, -0.100586, 
3.87, -4202.796900, 0.967285, -0.120605, 
3.88, -4132.866700, 0.971924, -0.124023, 
3.89, -4059.440400, 0.965576, -0.125000, 
3.90, -4027.971900, 0.953125, -0.135742, 
3.91, -3975.524200, 0.974609, -0.153564, 
3.92, -3944.055700, 0.961426, -0.148438, 
3.93, -3961.538300, 0.961426, -0.135742, 
3.94, -3996.503400, 0.964355, -0.152344, 
3.95, -3996.503400, 0.963379, -0.199463, 
3.96, -3926.573200, 0.962646, -0.223389, 
3.97, -3860.139600, 0.958984, -0.244141, 
3.98, -3765.734100, 0.948730, -0.270752, 
3.99, -3625.874000, 0.956543, -0.285156, 
4.00, -3499.999800, 0.954346, -0.279541, 
4.01, -3419.580300, 0.948242, -0.270996, 
4.02, -3377.622300, 0.942139, -0.258789, 
4.03, -3391.608200, 0.936523, -0.249023, 
4.04, -3468.531300, 0.940186, -0.253174, 
4.05, -3534.964800, 0.940674, -0.257324, 
4.06, -3573.426500, 0.934570, -0.288330, 
4.07, -3597.901900, 0.927979, -0.314453, 
4.08, -3580.419400, 0.922607, -0.316650, 
4.09, -3618.880900, 0.919434, -0.313232, 
4.10, -3653.845900, 0.913330, -0.339111, 
4.11, -3639.859900, 0.919678, -0.371094, 
4.12, -3566.433300, 0.898682, -0.385986, 
4.13, -3517.482400, 0.908447, -0.394531, 
4.14, -3472.027800, 0.907471, -0.395508, 
4.15, -3451.048800, 0.895752, -0.389404, 
4.16, -3486.013900, 0.889160, -0.357178, 
4.17, -3636.363500, 0.882813, -0.343994, 
4.18, -3807.692100, 0.880371, -0.351074, 
4.19, -3944.055700, 0.872070, -0.395752, 
4.20, -3993.006800, 0.863281, -0.437012, 
4.21, -3996.503400, 0.864502, -0.452881, 
4.22, -3999.999800, 0.848389, -0.458740, 
4.23, -4059.440400, 0.853271, -0.434570, 
4.24, -4153.846200, 0.838867, -0.475098, 
4.25, -4174.825200, 0.814453, -0.506104, 
4.26, -4160.838900, 0.814697, -0.543213, 
4.27, -4066.433300, 0.821289, -0.573242, 
4.28, -3916.083700, 0.798584, -0.629395, 
4.29, -3650.349400, 0.816650, -0.669678, 
4.30, -3437.062700, 0.804932, -0.611816, 
4.31, -3377.622300, 0.802979, -0.556641, 
4.32, -3391.608200, 0.782959, -0.571533, 
4.33, -3360.139600, 0.787842, -0.608643, 
4.34, -3248.251700, 0.791748, -0.658691, 
4.35, -3031.468500, 0.776367, -0.699463, 
4.36, -2772.727100, 0.772217, -0.728271, 
4.37, -2447.552200, 0.762939, -0.777100, 
4.38, -2020.978900, 0.773193, -0.807861, 
4.39, -1545.454500, 0.758545, -0.842529, 
4.40, -1003.496500, 0.764648, -0.868896, 
4.41, -433.566410, 0.761475, -0.878662, 
4.42, 160.839160, 0.762451, -0.877930, 
4.43, 755.244690, 0.766602, -0.884033, 
4.44, 1370.629300, 0.767822, -0.908691, 
4.45, 2034.965000, 0.760010, -0.923096, 
4.46, 2744.755100, 0.767822, -0.922119, 
4.47, 3472.027800, 0.759766, -0.901611, 
4.48, 4139.859900, 0.761719, -0.912109, 
4.49, 4902.097700, 0.769043, -0.916016, 
4.50, 5678.321300, 0.761963, -0.894043, 
4.51, 6363.636200, 0.753174, -0.829590, 
4.52, 6912.586900, 0.761475, -0.759277, 
4.53, 7381.118700, 0.761963, -0.687256, 
4.54, 7706.293500, 0.778809, -0.632813, 
4.55, 7979.020500, 0.776611, -0.588379, 
4.56, 8223.775400, 0.793213, -0.567383, 
4.57, 8486.013700, 0.802734, -0.551025, 
4.58, 8769.230500, 0.800293, -0.545898, 
4.59, 9090.908200, 0.798340, -0.544678, 
4.60, 9426.573200, 0.805908, -0.492920, 
4.61, 9681.817400, 0.815674, -0.431641, 
4.62, 9888.111300, 0.830811, -0.373535, 
4.63, 9982.516600, 0.815918, -0.296631, 
4.64, 9937.062500, 0.832764, -0.206055, 
4.65, 9818.181600, 0.847412, -0.161621, 
4.66, 9678.321300, 0.855957, -0.158203, 
4.67, 9629.370100, 0.864746, -0.170898, 
4.68, 9674.825200, 0.871338, -0.183350, 
4.69, 9755.244100, 0.863037, -0.156738, 
4.70, 9839.160200, 0.856934, -0.088623, 
4.71, 9853.146500, 0.862793, -0.043701, 
4.72, 9832.167000, 0.866699, -0.020508, 
4.73, 9835.664100, 0.877930, 0.020752, 
4.74, 9797.202100, 0.868164, 0.064209, 
4.75, 9730.768600, 0.871826, 0.099365, 
4.76, 9646.852500, 0.884766, 0.145264, 
4.77, 9527.971700, 0.864502, 0.179688, 
4.78, 9416.083000, 0.871094, 0.199707, 
4.79, 9297.202100, 0.883057, 0.234863, 
4.80, 9157.341800, 0.869873, 0.280029, 
4.81, 8993.006800, 0.864746, 0.307617, 
4.82, 8821.677700, 0.863770, 0.313232, 
4.83, 8688.810500, 0.858643, 0.316162, 
4.84, 8646.852500, 0.871826, 0.338623, 
4.85, 8538.460900, 0.845459, 0.403564, 
4.86, 8370.628900, 0.839111, 0.438232, 
4.87, 8185.314500, 0.825439, 0.432129, 
4.88, 8101.398400, 0.821289, 0.425781, 
4.89, 8069.929700, 0.829590, 0.472168, 
4.90, 7912.586900, 0.813477, 0.555420, 
4.91, 7583.915500, 0.801025, 0.627441, 
4.92, 7174.824700, 0.815186, 0.680420, 
4.93, 6699.300300, 0.815918, 0.714111, 
4.94, 6213.286600, 0.800781, 0.727539, 
4.95, 5800.699200, 0.788818, 0.698730, 
4.96, 5482.517100, 0.796875, 0.661377, 
4.97, 5241.258300, 0.788574, 0.641602, 
4.98, 5101.398400, 0.791504, 0.648438, 
4.99, 4902.097700, 0.777832, 0.695068, 
5.00, 4650.349600, 0.758545, 0.711182, 
5.01, 4367.132800, 0.769043, 0.708252, 
5.02, 4143.356400, 0.765625, 0.696289, 
5.03, 4024.475300, 0.767822, 0.684326, 
5.04, 3898.601300, 0.742432, 0.693359, 
5.05, 3734.265600, 0.757080, 0.727295, 
5.06, 3552.447300, 0.732422, 0.739258, 
5.07, 3356.643300, 0.735596, 0.750488, 
5.08, 3178.321500, 0.735596, 0.748779, 
5.09, 3006.992900, 0.709229, 0.743164, 
5.10, 2856.643300, 0.720703, 0.751709, 
5.11, 2681.818100, 0.719482, 0.752686, 
5.12, 2559.440400, 0.710938, 0.748291, 
5.13, 2461.538300, 0.701904, 0.731689, 
5.14, 2374.125700, 0.703125, 0.738037, 
5.15, 2279.720200, 0.695557, 0.739746, 
5.16, 2195.804200, 0.699951, 0.757813, 
5.17, 2094.405500, 0.691406, 0.784912, 
5.18, 1954.545400, 0.680176, 0.774658, 
5.19, 1811.188700, 0.679443, 0.771973, 
5.20, 1692.307600, 0.682129, 0.771240, 
5.21, 1611.888100, 0.681641, 0.771240, 
5.22, 1538.461400, 0.669922, 0.765137, 
5.23, 1468.531400, 0.669189, 0.757080, 
5.24, 1437.062900, 0.665771, 0.744873, 
5.25, 1451.048800, 0.676758, 0.733154, 
5.26, 1475.524400, 0.654785, 0.729492, 
5.27, 1513.986000, 0.645752, 0.748779, 
5.28, 1493.007000, 0.647949, 0.758301, 
5.29, 1468.531400, 0.644043, 0.765869, 
5.30, 1454.545400, 0.659424, 0.769775, 
5.31, 1430.069800, 0.647461, 0.766113, 
5.32, 1412.587400, 0.638916, 0.768066, 
5.33, 1388.111800, 0.635498, 0.780762, 
5.34, 1332.167700, 0.635010, 0.799072, 
5.35, 1258.741200, 0.631104, 0.822266, 
5.36, 1108.391600, 0.633545, 0.854736, 
5.37, 856.643310, 0.625732, 0.885010, 
5.38, 562.937010, 0.633545, 0.917725, 
5.39, 216.783200, 0.630371, 0.945313, 
5.40, -192.307680, 0.627197, 0.952148, 
5.41, -615.384580, 0.631592, 0.960449, 
5.42, -1038.461500, 0.635742, 0.962158, 
5.43, -1493.007000, 0.640381, 0.961670, 
5.44, -1926.573400, 0.630127, 0.947998, 
5.45, -2346.153800, 0.628662, 0.929688, 
5.46, -2709.790000, 0.630127, 0.902100, 
5.47, -3027.971900, 0.643555, 0.878418, 
5.48, -3328.671100, 0.652832, 0.884766, 
5.49, -3643.356400, 0.656982, 0.879639, 
5.50, -3989.510300, 0.665283, 0.864990, 
5.51, -4300.699200, 0.669678, 0.832031, 
5.52, -4531.468300, 0.676025, 0.797363, 
5.53, -4713.286600, 0.682129, 0.761963, 
5.54, -4832.167500, 0.684082, 0.736328, 
5.55, -4940.559100, 0.698975, 0.729736, 
5.56, -5076.922900, 0.707275, 0.731201, 
5.57, -5248.251500, 0.722412, 0.719971, 
5.58, -5395.104500, 0.725098, 0.708008, 
5.59, -5534.964800, 0.740479, 0.667480, 
5.60, -5618.880900, 0.745605, 0.650391, 
5.61, -5709.790000, 0.754883, 0.623291, 
5.62, -5783.216300, 0.759033, 0.614746, 
5.63, -5853.146500, 0.772705, 0.593506, 
5.64, -5919.580100, 0.779053, 0.570068, 
5.65, -5933.565900, 0.797852, 0.537598, 
5.66, -5940.559100, 0.802734, 0.534180, 
5.67, -5989.510300, 0.808838, 0.550537, 
5.68, -6097.901900, 0.815918, 0.543213, 
5.69, -6251.748000, 0.827393, 0.526611, 
5.70, -6328.670900, 0.830566, 0.479492, 
5.71, -6370.628900, 0.842773, 0.442139, 
5.72, -6363.636200, 0.846191, 0.396240, 
5.73, -6290.209500, 0.857666, 0.369385, 
5.74, -6216.782700, 0.870117, 0.354980, 
5.75, -6171.328600, 0.880615, 0.350586, 
5.76, -6122.377400, 0.879639, 0.317383, 
5.77, -6024.475100, 0.884521, 0.301025, 
5.78, -5972.027800, 0.903320, 0.300537, 
5.79, -5951.048800, 0.902832, 0.301025, 
5.80, -5982.517100, 0.919434, 0.295166, 
5.81, -5979.020500, 0.914795, 0.269043, 
5.82, -6003.496100, 0.910156, 0.249023, 
5.83, -5999.999500, 0.919434, 0.218750, 
5.84, -5965.034700, 0.924805, 0.177490, 
5.85, -5905.594200, 0.934082, 0.132568, 
5.86, -5772.727100, 0.941406, 0.108154, 
5.87, -5643.356400, 0.941162, 0.096924, 
5.88, -5527.971700, 0.948242, 0.102539, 
5.89, -5479.020500, 0.961426, 0.107910, 
5.90, -5475.524400, 0.953613, 0.088379, 
5.91, -5426.573200, 0.955078, 0.056641, 
5.92, -5346.153800, 0.944824, 0.033691, 
5.93, -5272.727100, 0.956299, 0.023682, 
5.94, -5199.300300, 0.964355, 0.011963, 
5.95, -5132.866700, 0.946533, -0.003418, 
5.96, -5111.887700, 0.948975, 0.011230, 
5.97, -5146.853000, 0.963135, 0.024170, 
5.98, -5230.769000, 0.959229, 0.008057, 
5.99, -5325.174800, 0.969482, -0.020020, 
6.00, -5356.643100, 0.960938, -0.092041, 
6.01, -5255.244600, 0.950928, -0.142822, 
6.02, -5083.916000, 0.961426, -0.156006, 
6.03, -4989.510300, 0.951904, -0.126953, 
6.04, -4965.034700, 0.947510, -0.126221, 
6.05, -4961.538100, 0.940186, -0.125488, 
6.06, -4989.510300, 0.941162, -0.152100, 
6.07, -4982.517100, 0.939941, -0.189941, 
6.08, -4891.608400, 0.951904, -0.244385, 
6.09, -4699.300300, 0.943848, -0.304932, 
6.10, -4405.594200, 0.954102, -0.356689, 
6.11, -4104.895000, 0.947998, -0.343994, 
6.12, -3874.125700, 0.940430, -0.317383, 
6.13, -3737.762000, 0.946777, -0.294922, 
6.14, -3643.356400, 0.940430, -0.302002, 
6.15, -3527.971900, 0.950684, -0.319336, 
6.16, -3444.055700, 0.945801, -0.317627, 
6.17, -3356.643300, 0.925049, -0.322266, 
6.18, -3244.755100, 0.933838, -0.382568, 
6.19, -3045.454300, 0.928955, -0.402588, 
6.20, -2779.720200, 0.930908, -0.455811, 
6.21, -2405.594200, 0.926270, -0.525146, 
6.22, -1951.048800, 0.926270, -0.536377, 
6.23, -1489.510400, 0.918701, -0.521240, 
6.24, -1052.447500, 0.928955, -0.541016, 
6.25, -573.426570, 0.929688, -0.557373, 
6.26, -52.447552, 0.925781, -0.587158, 
6.27, 489.510470, 0.928223, -0.582764, 
6.28, 1059.440600, 0.928955, -0.599854, 
6.29, 1653.846100, 0.933838, -0.610596, 
6.30, 2248.251700, 0.933838, -0.589600, 
6.31, 2839.160600, 0.925781, -0.569824, 
6.32, 3409.090800, 0.921875, -0.550293, 
6.33, 3933.566200, 0.916260, -0.544434, 
6.34, 4489.510300, 0.925537, -0.534424, 
6.35, 5045.454100, 0.930420, -0.537109, 
6.36, 5629.370600, 0.905029, -0.503174, 
6.37, 6125.874000, 0.912109, -0.446777, 
6.38, 6506.992700, 0.913574, -0.381836, 
6.39, 6811.188500, 0.909912, -0.335449, 
6.40, 7041.957500, 0.905518, -0.283447, 
6.41, 7248.251500, 0.911621, -0.252441, 
6.42, 7388.111300, 0.917236, -0.202637, 
6.43, 7520.978500, 0.918945, -0.167725, 
6.44, 7601.398400, 0.925781, -0.151855, 
6.45, 7716.782700, 0.911865, -0.130371, 
6.46, 7811.188500, 0.915771, -0.090088, 
6.47, 7828.670900, 0.926758, -0.023193, 
6.48, 7748.251500, 0.927002, 0.044922, 
6.49, 7618.880900, 0.923584, 0.062012, 
6.50, 7520.978500, 0.927979, 0.049561, 
6.51, 7451.048800, 0.923096, 0.079346, 
6.52, 7423.076700, 0.925293, 0.069336, 
6.53, 7479.020500, 0.922607, 0.052490, 
6.54, 7629.370100, 0.920654, 0.036865, 
6.55, 7825.174300, 0.908447, 0.087158, 
6.56, 7870.628900, 0.908447, 0.195557, 
6.57, 7744.754900, 0.909180, 0.300781, 
6.58, 7440.559100, 0.914795, 0.360352, 
6.59, 7090.908700, 0.899902, 0.374756, 
6.60, 6793.706100, 0.906494, 0.364746, 
6.61, 6555.943800, 0.895508, 0.360352, 
6.62, 6374.125500, 0.908936, 0.354980, 
6.63, 6244.754900, 0.898438, 0.349365, 
6.64, 6185.314500, 0.890625, 0.342773, 
6.65, 6139.859900, 0.884033, 0.368652, 
6.66, 6080.419400, 0.877441, 0.385010, 
6.67, 6041.957500, 0.884766, 0.398926, 
6.68, 5982.517100, 0.869873, 0.418701, 
6.69, 5856.643100, 0.871338, 0.497314, 
6.70, 5629.370600, 0.863037, 0.528320, 
6.71, 5388.111800, 0.872559, 0.523926, 
6.72, 5223.775900, 0.849854, 0.523193, 
6.73, 5076.922900, 0.854980, 0.519287, 
6.74, 4968.531300, 0.853027, 0.491699, 
6.75, 4996.503400, 0.829346, 0.467041, 
6.76, 5087.412100, 0.820313, 0.477539, 
6.77, 5150.349600, 0.813477, 0.501465, 
6.78, 5202.796900, 0.809326, 0.511475, 
6.79, 5209.790000, 0.798584, 0.552734, 
6.80, 5195.803700, 0.797119, 0.590576, 
6.81, 5062.937000, 0.782227, 0.648682, 
6.82, 4874.125500, 0.767334, 0.669434, 
6.83, 4678.321300, 0.764404, 0.673584, 
6.84, 4493.006800, 0.771240, 0.673096, 
6.85, 4349.650400, 0.759277, 0.673096, 
6.86, 4255.244600, 0.746582, 0.685303, 
6.87, 4083.915800, 0.743896, 0.704346, 
6.88, 3919.580300, 0.739990, 0.696533, 
6.89, 3846.153600, 0.736328, 0.681396, 
6.90, 3786.713100, 0.724609, 0.689209, 
6.91, 3734.265600, 0.716309, 0.690430, 
6.92, 3685.314500, 0.714355, 0.701660, 
6.93, 3636.363500, 0.703613, 0.700928, 
6.94, 3583.916000, 0.701416, 0.711182, 
6.95, 3538.461400, 0.695313, 0.720459, 
6.96, 3496.503400, 0.680176, 0.711426, 
6.97, 3493.006800, 0.673584, 0.702148, 
6.98, 3531.468300, 0.655762, 0.716553, 
6.99, 3541.957800, 0.660645, 0.734619, 
7.00, 3566.433300, 0.654541, 0.732178, 
7.01, 3590.908900, 0.650879, 0.734619, 
7.02, 3608.391400, 0.636230, 0.745605, 
7.03, 3615.384500, 0.635986, 0.739258, 
7.04, 3639.859900, 0.627441, 0.778809, 
7.05, 3594.405500, 0.609131, 0.793701, 
7.06, 3583.916000, 0.609619, 0.785400, 
7.07, 3576.922900, 0.590332, 0.788574, 
7.08, 3562.937000, 0.581787, 0.805176, 
7.09, 3538.461400, 0.576172, 0.831543, 
7.10, 3440.559300, 0.572754, 0.859863, 
7.11, 3279.720200, 0.560791, 0.879639, 
7.12, 3094.405500, 0.565674, 0.913086, 
7.13, 2832.167700, 0.569336, 0.962402, 
7.14, 2500.000000, 0.561768, 0.959717, 
7.15, 2220.279500, 0.548096, 0.923340, 
7.16, 2034.965000, 0.538330, 0.889893, 
7.17, 1940.559300, 0.537842, 0.867676, 
7.18, 1884.615400, 0.535156, 0.859131, 
7.19, 1863.636200, 0.534912, 0.858643, 
7.20, 1814.685200, 0.519287, 0.858643, 
7.21, 1807.692300, 0.522217, 0.850586, 
7.22, 1807.692300, 0.519043, 0.836670, 
7.23, 1874.125700, 0.513428, 0.821777, 
7.24, 1944.055900, 0.505127, 0.813721, 
7.25, 2055.943800, 0.509033, 0.823730, 
7.26, 2136.363500, 0.498535, 0.815918, 
7.27, 2237.762200, 0.490234, 0.825928, 
7.28, 2328.671100, 0.475830, 0.837646, 
7.29, 2398.601300, 0.473389, 0.842529, 
7.30, 2440.559300, 0.464355, 0.849854, 
7.31, 2510.489500, 0.459961, 0.847900, 
7.32, 2576.922900, 0.461914, 0.848877, 
7.33, 2650.349600, 0.450928, 0.863281, 
7.34, 2678.321500, 0.439941, 0.883301, 
7.35, 2685.314500, 0.432373, 0.905762, 
7.36, 2615.384500, 0.414307, 0.949219, 
7.37, 2475.524400, 0.426025, 0.968994, 
7.38, 2328.671100, 0.418457, 0.971680, 
7.39, 2160.839100, 0.402100, 0.975586, 
7.40, 1979.020900, 0.408447, 0.981934, 
7.41, 1800.699200, 0.407959, 0.983398, 
7.42, 1660.839100, 0.401611, 0.970703, 
7.43, 1548.950900, 0.393066, 0.945313, 
7.44, 1486.013900, 0.394531, 0.931396, 
7.45, 1475.524400, 0.393799, 0.918945, 
7.46, 1486.013900, 0.372559, 0.900146, 
7.47, 1545.454500, 0.373779, 0.895996, 
7.48, 1622.377600, 0.375244, 0.885986, 
7.49, 1713.286600, 0.368408, 0.879150, 
7.50, 1825.174700, 0.355225, 0.879883, 
7.51, 1933.566300, 0.366943, 0.868164, 
7.52, 2055.943800, 0.354004, 0.872070, 
7.53, 2174.825200, 0.350830, 0.891602, 
7.54, 2216.783200, 0.335693, 0.921631, 
7.55, 2223.776100, 0.330811, 0.935059, 
7.56, 2216.783200, 0.318604, 0.946045, 
7.57, 2188.811000, 0.317139, 0.961182, 
7.58, 2136.363500, 0.312744, 0.990967, 
7.59, 1972.027800, 0.314209, 1.037598, 
7.60, 1115.384500, -0.354980, 1.143799, 
7.61, 447.552430, 0.665771, 1.273438, 
7.62, 209.790210, 0.086670, 1.020996, 
7.63, -143.356640, 0.398682, 1.123779, 
7.64, -527.971980, 0.304688, 1.172363, 
7.65, -1143.356600, 0.312744, 1.267578, 
7.66, -1891.608300, 0.326172, 1.252930, 
7.67, -2566.433300, 0.321045, 1.250732, 
7.68, -3286.713100, 0.341309, 1.254395, 
7.69, -4017.482400, 0.342041, 1.240479, 
7.70, -4720.279300, 0.319824, 1.211182, 
7.71, -5300.699200, 0.331299, 1.153076, 
7.72, -5790.209500, 0.323975, 1.077637, 
7.73, -6104.895000, 0.338867, 1.006348, 
7.74, -6276.223600, 0.358643, 0.965820, 
7.75, -6405.594200, 0.393555, 0.945557, 
7.76, -6482.517100, 0.389648, 0.936279, 
7.77, -6702.796900, 0.440186, 0.939209, 
7.78, -6709.790000, 0.432617, 0.937256, 
7.79, -6972.027800, 0.462402, 0.897217, 
7.80, -7013.985800, 0.482666, 0.840576, 
7.81, -6972.027800, 0.482178, 0.801758, 
7.82, -6867.132300, 0.497559, 0.776123, 
7.83, -6853.146500, 0.519043, 0.751465, 
7.84, -6674.824700, 0.566895, 0.767334, 
7.85, -6681.817900, 0.571045, 0.780029, 
7.86, -6685.314500, 0.565674, 0.792725, 
7.87, -6727.272500, 0.587158, 0.790039, 
7.88, -6769.230500, 0.598145, 0.742676, 
7.89, -6769.230500, 0.630127, 0.693115, 
7.90, -6639.859900, 0.630371, 0.671143, 
7.91, -6667.832000, 0.659180, 0.660400, 
7.92, -6657.342300, 0.672363, 0.649170, 
7.93, -6468.531300, 0.688477, 0.626709, 
7.94, -6416.083500, 0.702148, 0.608398, 
7.95, -6367.132800, 0.716553, 0.645996, 
7.96, -6440.559100, 0.739990, 0.657471, 
7.97, -6657.342300, 0.743164, 0.658203, 
7.98, -6702.796900, 0.749512, 0.640137, 
7.99, -6706.293500, 0.749512, 0.632080, 
8.00, -6961.538100, 0.778076, 0.622070, 
8.01, -7101.398400, 0.770508, 0.560791, 
8.02, -7150.349100, 0.774658, 0.528320, 
8.03, -7178.321300, 0.803955, 0.526123, 
8.04, -7255.244600, 0.802002, 0.512451, 
8.05, -7363.636200, 0.812988, 0.480713, 
8.06, -7444.055700, 0.813721, 0.483154, 
8.07, -7534.964800, 0.829834, 0.444824, 
8.08, -7615.384300, 0.844727, 0.414795, 
8.09, -7664.335400, 0.848389, 0.404053, 
8.10, -7765.733900, 0.864258, 0.381348, 
8.11, -7797.202600, 0.864502, 0.320801, 
8.12, -7772.727100, 0.879395, 0.266846, 
8.13, -7716.782700, 0.876465, 0.268066, 
8.14, -7720.279300, 0.878418, 0.269775, 
8.15, -7779.719700, 0.891602, 0.246338, 
8.16, -7800.698700, 0.903076, 0.208008, 
8.17, -7755.244600, 0.899658, 0.152588, 
8.18, -7706.293500, 0.903320, 0.142090, 
8.19, -7671.328100, 0.908691, 0.122070, 
8.20, -7601.398400, 0.924072, 0.085449, 
8.21, -7489.510300, 0.920410, 0.018799, 
8.22, -7349.649900, 0.912598, -0.006836, 
8.23, -7174.824700, 0.925293, -0.040039, 
8.24, -6926.573200, 0.919678, -0.072998, 
8.25, -6835.664100, 0.940186, -0.093018, 
8.26, -6590.908700, 0.936279, -0.120605, 
8.27, -6297.202600, 0.928223, -0.140869, 
8.28, -6062.937000, 0.938965, -0.148193, 
8.29, -5870.628900, 0.942627, -0.158203, 
8.30, -5678.321300, 0.961426, -0.175293, 
8.31, -5472.027800, 0.948242, -0.207520, 
8.32, -5300.699200, 0.957031, -0.188477, 
8.33, -5132.866700, 0.944580, -0.215088, 
8.34, -4996.503400, 0.949951, -0.211426, 
8.35, -4937.062500, 0.948242, -0.179688, 
8.36, -4965.034700, 0.938965, -0.147705, 
8.37, -5055.943800, 0.931641, -0.167969, 
8.38, -5104.895000, 0.942627, -0.217773, 
8.39, -5108.391600, 0.920654, -0.251709, 
8.40, -5020.979000, 0.934814, -0.305664, 
8.41, -4839.160600, 0.924316, -0.373535, 
8.42, -4576.922900, 0.906738, -0.425293, 
8.43, -4181.817900, 0.930176, -0.473145, 
8.44, -3737.762000, 0.922607, -0.509766, 
8.45, -3265.734100, 0.918945, -0.535400, 
8.46, -2685.314500, 0.948486, -0.551025, 
8.47, -2174.825200, 0.909180, -0.580322, 
8.48, -1601.398600, 0.939209, -0.571777, 
8.49, -1150.349600, 0.939209, -0.492188, 
8.50, -839.160830, 0.928223, -0.461426, 
8.51, -552.447510, 0.934814, -0.494385, 
8.52, -216.783200, 0.926270, -0.487793, 
8.53, 104.895100, 0.926758, -0.482666, 
8.54, 433.566410, 0.916260, -0.510498, 
8.55, 842.657290, 0.931641, -0.537354, 
8.56, 1318.181800, 0.912842, -0.575195, 
8.57, 1870.629300, 0.933105, -0.592529, 
8.58, 2451.048800, 0.927734, -0.603760, 
8.59, 3094.405500, 0.917969, -0.597168, 
8.60, 3713.286600, 0.914551, -0.574219, 
8.61, 4258.741200, 0.921875, -0.534912, 
8.62, 4786.712900, 0.924561, -0.518066, 
8.63, 5325.174800, 0.923584, -0.500244, 
8.64, 5842.657200, 0.905029, -0.509033, 
8.65, 6458.041500, 0.915283, -0.522217, 
8.66, 7097.901900, 0.897705, -0.497070, 
8.67, 7709.790000, 0.890869, -0.467285, 
8.68, 8276.223600, 0.886230, -0.384521, 
8.69, 8699.300800, 0.880371, -0.306396, 
8.70, 9045.454100, 0.867188, -0.258301, 
8.71, 9300.699200, 0.884277, -0.185791, 
8.72, 9472.027300, 0.880615, -0.131836, 
8.73, 9597.901400, 0.873535, -0.089111, 
8.74, 9674.825200, 0.881348, -0.041016, 
8.75, 9716.783200, 0.869629, -0.006836, 
8.76, 9748.251000, 0.884277, 0.023193, 
8.77, 9776.223600, 0.875488, 0.083496, 
8.78, 9713.286100, 0.871826, 0.157227, 
8.79, 9562.936500, 0.875488, 0.229492, 
8.80, 9325.174800, 0.859863, 0.266357, 
8.81, 9115.383800, 0.865479, 0.276611, 
8.82, 8923.076200, 0.876465, 0.285889, 
8.83, 8776.223600, 0.868896, 0.286621, 
8.84, 8685.314500, 0.869873, 0.287354, 
8.85, 8685.314500, 0.860840, 0.262695, 
8.86, 8783.216800, 0.846191, 0.276855, 
8.87, 8828.670900, 0.826660, 0.346436, 
8.88, 8779.719700, 0.811279, 0.413330, 
8.89, 8685.314500, 0.808105, 0.434326, 
8.90, 8608.391600, 0.828369, 0.423096, 
8.91, 8597.901400, 0.813232, 0.424805, 
8.92, 8594.405300, 0.786621, 0.467529, 
8.93, 8569.929700, 0.783691, 0.512451, 
8.94, 8489.509800, 0.766113, 0.553711, 
8.95, 8339.160200, 0.764648, 0.596191, 
8.96, 8146.852500, 0.741211, 0.660400, 
8.97, 7839.160600, 0.742676, 0.730225, 
8.98, 7454.544900, 0.732666, 0.779541, 
8.99, 6972.027800, 0.735352, 0.824463, 
9.00, 6444.055700, 0.737305, 0.847656, 
9.01, 5944.055700, 0.730225, 0.815186, 
9.02, 5538.461400, 0.723877, 0.816406, 
9.03, 5160.838900, 0.714111, 0.807861, 
9.04, 4828.670900, 0.710938, 0.775879, 
9.05, 4671.328600, 0.716064, 0.738281, 
9.06, 4562.937000, 0.689941, 0.723877, 
9.07, 4472.027800, 0.672607, 0.724121, 
9.08, 4430.069800, 0.669922, 0.710449, 
9.09, 4447.552200, 0.668457, 0.703613, 
9.10, 4506.992700, 0.660400, 0.717285, 
9.11, 4534.964800, 0.635498, 0.743896, 
9.12, 4475.524400, 0.635010, 0.770264, 
9.13, 4423.076700, 0.636719, 0.769531, 
9.14, 4321.678200, 0.617676, 0.812744, 
9.15, 4234.265600, 0.611816, 0.812500, 
9.16, 4167.832000, 0.598389, 0.803955, 
9.17, 4073.426300, 0.586182, 0.823975, 
9.18, 3968.531300, 0.590576, 0.848145, 
9.19, 3825.174600, 0.583984, 0.870850, 
9.20, 3657.342500, 0.573486, 0.885986, 
9.21, 3486.013900, 0.565430, 0.868164, 
9.22, 3363.636200, 0.552490, 0.843750, 
9.23, 3321.678200, 0.541992, 0.834229, 
9.24, 3269.230700, 0.533691, 0.865723, 
9.25, 3185.314500, 0.536133, 0.881836, 
9.26, 3055.943800, 0.523438, 0.893066, 
9.27, 2947.552200, 0.524170, 0.879883, 
9.28, 2895.104700, 0.509033, 0.876221, 
9.29, 2835.664300, 0.491699, 0.878906, 
9.30, 2804.195600, 0.494873, 0.873047, 
9.31, 2741.258500, 0.491455, 0.895020, 
9.32, 2674.825000, 0.483398, 0.895752, 
9.33, 2622.377400, 0.471436, 0.873535, 
9.34, 2618.881100, 0.473145, 0.875244, 
9.35, 2604.895000, 0.472656, 0.870605, 
9.36, 2608.391600, 0.462891, 0.877197, 
9.37, 2639.860100, 0.447510, 0.866211, 
9.38, 2664.335400, 0.428711, 0.897461, 
9.39, 2646.853000, 0.432129, 0.913330, 
9.40, 2611.887900, 0.423828, 0.917236, 
9.41, 2534.964800, 0.413818, 0.935547, 
9.42, 2426.573200, 0.419678, 0.955322, 
9.43, 2293.706300, 0.419189, 0.964600, 
9.44, 2122.377400, 0.408447, 0.984375, 
9.45, 1930.069800, 0.403809, 0.985352, 
9.46, 1772.727200, 0.401611, 0.968262, 
9.47, 1650.349600, 0.397217, 0.978027, 
9.48, 1506.992900, 0.385254, 0.983154, 
9.49, 1328.671300, 0.382568, 0.995117, 
9.50, 1139.860100, 0.386963, 0.991211, 
9.51, 996.503480, 0.384033, 0.982422, 
9.52, 811.188780, 0.380127, 1.001221, 
9.53, 618.881100, 0.386963, 1.015869, 
9.54, 377.622340, 0.376465, 1.030518, 
9.55, 115.384610, 0.372803, 1.049072, 
9.56, -192.307680, 0.386719, 1.073730, 
9.57, -611.888060, 0.380859, 1.106201, 
9.58, -1027.971900, 0.397949, 1.114014, 
9.59, -1499.999900, 0.385498, 1.122803, 
9.60, -2010.489400, 0.403809, 1.134277, 
9.61, -2531.468500, 0.399658, 1.114014, 
9.62, -2954.545400, 0.391113, 1.083740, 
9.63, -3318.181600, 0.389160, 1.055176, 
9.64, -3639.859900, 0.398926, 1.032959, 
9.65, -3930.069800, 0.410889, 1.021973, 
9.66, -4227.272500, 0.427002, 1.018311, 
9.67, -4524.475100, 0.426270, 1.011963, 
9.68, -4839.160600, 0.452148, 0.993652, 
9.69, -5083.916000, 0.457031, 0.956055, 
9.70, -5269.230500, 0.461182, 0.918945, 
9.71, -5405.594200, 0.482422, 0.909668, 
9.72, -5496.503400, 0.481689, 0.877930, 
9.73, -5541.958000, 0.499268, 0.839844, 
9.74, -5534.964800, 0.502686, 0.815674, 
9.75, -5506.992700, 0.536133, 0.805908, 
9.76, -5475.524400, 0.553711, 0.790283, 
9.77, -5489.510300, 0.559814, 0.813965, 
9.78, -5566.433100, 0.583984, 0.816895, 
9.79, -5632.866700, 0.602051, 0.789063, 
9.80, -5674.824700, 0.594971, 0.771240, 
9.81, -5699.300300, 0.613281, 0.770264, 
9.82, -5769.230500, 0.631592, 0.770996, 
9.83, -5860.139600, 0.633301, 0.756348, 
9.84, -5930.069800, 0.652588, 0.733643, 
9.85, -5947.552200, 0.668945, 0.687744, 
9.86, -5898.601100, 0.680908, 0.657715, 
9.87, -5849.649900, 0.683594, 0.655273, 
9.88, -5814.685100, 0.704834, 0.663330, 
9.89, -5856.643100, 0.708008, 0.689209, 
9.90, -5982.517100, 0.720703, 0.677734, 
9.91, -6076.922900, 0.744385, 0.645020, 
9.92, -6139.859900, 0.748779, 0.613770, 
9.93, -6174.824700, 0.757080, 0.603760, 
9.94, -6223.775900, 0.767822, 0.589600, 
9.95, -6262.237300, 0.792480, 0.560791, 
9.96, -6286.712900, 0.795898, 0.539307, 
9.97, -6276.223600, 0.786377, 0.510498, 
9.98, -6234.265600, 0.808838, 0.479492, 
9.99, -6178.321300, 0.819092, 0.451904, 
10.00, -6083.916000, 0.832275, 0.427002, 
10.01, -6027.971700, 0.848389, 0.460693, 
10.02, -6104.895000, 0.840820, 0.486816, 
10.03, -6230.769000, 0.846436, 0.439697, 
10.04, -6244.754900, 0.873535, 0.363281, 
10.05, -6157.342300, 0.872070, 0.343994, 
10.06, -6090.908700, 0.875977, 0.344727, 
10.07, -6034.964800, 0.888916, 0.310303, 
10.08, -5958.041500, 0.890137, 0.291016, 
10.09, -5839.160600, 0.900635, 0.257568, 
10.10, -5702.796900, 0.911621, 0.229248, 
10.11, -5552.447300, 0.918701, 0.216553, 
10.12, -5440.559100, 0.928223, 0.228760, 
10.13, -5370.628900, 0.926025, 0.228760, 
10.14, -5332.167500, 0.938232, 0.196045, 
10.15, -5227.272500, 0.932129, 0.161865, 
10.16, -5073.426300, 0.948486, 0.132324, 
10.17, -4905.594200, 0.945313, 0.102295, 
10.18, -4727.272500, 0.942627, 0.093018, 
10.19, -4576.922900, 0.960205, 0.095459, 
10.20, -4461.538100, 0.965820, 0.076172, 
10.21, -4297.202600, 0.953613, 0.053223, 
10.22, -4139.859900, 0.971680, 0.031250, 
10.23, -3926.573200, 0.971191, 0.044434, 
10.24, -3839.160600, 0.978760, 0.061035, 
10.25, -3769.230700, 0.980469, 0.028320, 
10.26, -3643.356400, 0.983154, 0.004150, 
10.27, -3496.503400, 0.970947, -0.006348, 
10.28, -3353.146700, 0.981934, -0.015137, 
10.29, -3206.293500, 0.980713, -0.033691, 
10.30, -3055.943800, 0.972900, -0.033447, 
10.31, -2940.559300, 0.978027, -0.038086, 
10.32, -2839.160600, 0.986572, -0.029785, 
10.33, -2779.720200, 0.993408, -0.026855, 
10.34, -2748.251700, 0.981201, -0.017334, 
10.35, -2758.741200, 0.994141, -0.012695, 
10.36, -2797.202600, 0.978516, -0.020264, 
10.37, -2818.181600, 0.984375, -0.038818, 
10.38, -2821.678200, 0.995605, -0.058350, 
10.39, -2769.230700, 0.990234, -0.075439, 
10.40, -2751.748000, 0.970459, -0.057129, 
10.41, -2790.209700, 0.985107, -0.063721, 
10.42, -2821.678200, 0.970215, -0.064941, 
10.43, -2888.111800, 0.986572, -0.047852, 
10.44, -3010.489300, 0.991211, -0.041016, 
10.45, -3150.349600, 0.974365, -0.051270, 
10.46, -3283.216600, 0.964600, -0.083984, 
10.47, -3402.097700, 0.975342, -0.082031, 
10.48, -3510.489300, 0.983887, -0.070068, 
10.49, -3646.853000, 0.967529, -0.091064, 
10.50, -3828.671100, 0.959717, -0.083740, 
10.51, -4003.496300, 0.944336, -0.107178, 
10.52, -4167.832000, 0.960205, -0.131836, 
10.53, -4241.258300, 0.956787, -0.176025, 
10.54, -4328.670900, 0.943359, -0.192383, 
10.55, -4360.139600, 0.939209, -0.215088, 
10.56, -4412.587400, 0.932617, -0.231201, 
10.57, -4423.076700, 0.934082, -0.260742, 
10.58, -4370.629400, 0.938477, -0.308594, 
10.59, -4213.286600, 0.906738, -0.388672, 
10.60, -3919.580300, 0.945557, -0.405762, 
10.61, -3660.839100, 0.917480, -0.414795, 
10.62, -3433.566200, 0.923584, -0.411133, 
10.63, -3167.832000, 0.924072, -0.451416, 
10.64, -2881.118700, 0.920410, -0.476074, 
10.65, -2545.454300, 0.924805, -0.504150, 
10.66, -2129.370600, 0.922607, -0.545410, 
10.67, -1720.279700, 0.928467, -0.481445, 
10.68, -1548.950900, 0.923096, -0.383057, 
10.69, -1573.426500, 0.916504, -0.329834, 
10.70, -1667.832000, 0.904785, -0.342773, 
10.71, -1706.293600, 0.912109, -0.381104, 
10.72, -1646.853000, 0.907715, -0.435303, 
10.73, -1489.510400, 0.908447, -0.466797, 
10.74, -1286.713300, 0.912842, -0.507324, 
10.75, -982.517460, 0.909180, -0.553223, 
10.76, -583.916080, 0.898438, -0.588867, 
10.77, -132.867130, 0.916748, -0.591797, 
10.78, 318.181790, 0.902832, -0.592529, 
10.79, 748.251710, 0.895020, -0.562256, 
10.80, 1139.860100, 0.922607, -0.549316, 
10.81, 1479.020900, 0.896240, -0.544189, 
10.82, 1828.671300, 0.908936, -0.546387, 
10.83, 2227.272700, 0.908691, -0.556641, 
10.84, 2678.321500, 0.909180, -0.574707, 
10.85, 3143.356400, 0.912598, -0.583984, 
10.86, 3664.335400, 0.920898, -0.575195, 
10.87, 4153.846200, 0.897949, -0.550293, 
10.88, 4611.887700, 0.914551, -0.518311, 
10.89, 5031.468300, 0.916016, -0.477783, 
10.90, 5360.139600, 0.905762, -0.411377, 
10.91, 5576.922900, 0.920410, -0.369873, 
10.92, 5713.286600, 0.918213, -0.301270, 
10.93, 5765.733900, 0.907471, -0.285889, 
10.94, 5856.643100, 0.926025, -0.293701, 
10.95, 5989.510300, 0.932373, -0.288574, 
10.96, 6132.866700, 0.934326, -0.260986, 
10.97, 6251.748000, 0.921387, -0.239990, 
10.98, 6377.622100, 0.935547, -0.212158, 
10.99, 6468.531300, 0.943848, -0.179688, 
11.00, 6510.489300, 0.919922, -0.151611, 
11.01, 6496.503400, 0.930420, -0.081299, 
11.02, 6430.069800, 0.945801, -0.076416, 
11.03, 6370.628900, 0.933594, -0.033691, 
11.04, 6307.691900, 0.948242, -0.029541, 
11.05, 6248.251500, 0.953613, -0.019043, 
11.06, 6209.790000, 0.941650, 0.008057, 
11.07, 6136.363300, 0.958008, 0.014648, 
11.08, 6062.937000, 0.951660, 0.074707, 
11.09, 5926.573200, 0.963867, 0.087646, 
11.10, 5832.167500, 0.958008, 0.073975, 
11.11, 5779.720200, 0.956055, 0.075439, 
11.12, 5751.748000, 0.952148, 0.112305, 
11.13, 5699.300300, 0.946045, 0.115723, 
11.14, 5706.293500, 0.946533, 0.105713, 
11.15, 5734.265600, 0.944336, 0.120361, 
11.16, 5776.223600, 0.949463, 0.136230, 
11.17, 5832.167500, 0.934570, 0.152588, 
11.18, 5870.628900, 0.931152, 0.183594, 
11.19, 5902.097700, 0.928711, 0.200928, 
11.20, 5909.090800, 0.930664, 0.215332, 
11.21, 5944.055700, 0.923584, 0.234131, 
11.22, 5933.565900, 0.914063, 0.264404, 
11.23, 5940.559100, 0.928955, 0.274414, 
11.24, 5923.076700, 0.910645, 0.300293, 
11.25, 5891.607900, 0.903076, 0.328369, 
11.26, 5842.657200, 0.916260, 0.351074, 
11.27, 5783.216300, 0.899414, 0.351318, 
11.28, 5769.230500, 0.895752, 0.350098, 
11.29, 5814.685100, 0.884766, 0.378662, 
11.30, 5797.202600, 0.870850, 0.411133, 
11.31, 5709.790000, 0.854492, 0.483887, 
11.32, 5496.503400, 0.875977, 0.538574, 
11.33, 5237.762200, 0.857422, 0.539063, 
11.34, 5020.979000, 0.850586, 0.513428, 
11.35, 4870.628900, 0.864746, 0.531738, 
11.36, 4751.748000, 0.853760, 0.504150, 
11.37, 4702.796900, 0.845459, 0.497803, 
11.38, 4667.832000, 0.833984, 0.522461, 
11.39, 4643.356400, 0.822266, 0.521729, 
11.40, 4629.370600, 0.824707, 0.520264, 
11.41, 4639.859900, 0.802490, 0.520508, 
11.42, 4657.342300, 0.809570, 0.531494, 
11.43, 4660.838900, 0.812744, 0.574219, 
11.44, 4608.391600, 0.802490, 0.584717, 
11.45, 4548.950700, 0.785645, 0.614258, 
11.46, 4447.552200, 0.778809, 0.642822, 
11.47, 4356.643100, 0.769043, 0.633057, 
11.48, 4290.209500, 0.778564, 0.645508, 
11.49, 4241.258300, 0.736572, 0.633789, 
11.50, 4244.754900, 0.776367, 0.629150, 
11.51, 4213.286600, 0.733398, 0.673340, 
11.52, 4125.874000, 0.748291, 0.692139, 
11.53, 4055.943800, 0.717773, 0.702637, 
11.54, 3940.559300, 0.728516, 0.724609, 
11.55, 3811.188700, 0.708496, 0.744629, 
11.56, 3639.859900, 0.697021, 0.728760, 
11.57, 3527.971900, 0.718506, 0.740234, 
11.58, 3486.013900, 0.680908, 0.707764, 
11.59, 3461.538300, 0.682129, 0.711182, 
11.60, 3468.531300, 0.679443, 0.712158, 
11.61, 3506.992900, 0.670410, 0.697266, 
11.62, 3569.929900, 0.656006, 0.696777, 
11.63, 3674.825000, 0.656738, 0.700439, 
11.64, 3765.734100, 0.647705, 0.709473, 
11.65, 3807.692100, 0.631104, 0.731934, 
11.66, 3860.139600, 0.635742, 0.740967, 
11.67, 3926.573200, 0.616943, 0.729248, 
11.68, 3979.020800, 0.597900, 0.738525, 
11.69, 4101.398400, 0.591064, 0.731201, 
11.70, 4255.244600, 0.584473, 0.711182, 
11.71, 4395.104500, 0.575439, 0.758057, 
11.72, 4496.503400, 0.557129, 0.759766, 
11.73, 4573.426300, 0.545410, 0.810303, 
11.74, 4566.433600, 0.534180, 0.832520, 
11.75, 4538.461400, 0.540771, 0.849121, 
11.76, 4472.027800, 0.516602, 0.877930, 
11.77, 4409.090800, 0.502686, 0.861084, 
11.78, 4360.139600, 0.503906, 0.871826, 
11.79, 4300.699200, 0.479736, 0.886963, 
11.80, 4181.817900, 0.480957, 0.920410, 
11.81, 4052.447300, 0.470703, 0.932373, 
11.82, 3930.069800, 0.454834, 0.916016, 
11.83, 3744.755100, 0.441406, 0.980713, 
11.84, 3538.461400, 0.439941, 0.988281, 
11.85, 3244.755100, 0.446289, 1.045166, 
11.86, 2860.139600, 0.427002, 1.091064, 
11.87, 2409.090800, 0.431396, 1.100342, 
11.88, 1888.111800, 0.423584, 1.147705, 
11.89, 1325.174800, 0.415771, 1.153076, 
11.90, 713.286680, 0.414307, 1.176758, 
11.91, 73.426567, 0.421631, 1.186035, 
11.92, -541.958010, 0.421143, 1.165283, 
11.93, -1118.881100, 0.424805, 1.135986, 
11.94, -1629.370600, 0.426025, 1.117188, 
11.95, -2164.335400, 0.432617, 1.130615, 
11.96, -2727.272700, 0.434814, 1.138428, 
11.97, -3283.216600, 0.432617, 1.125488, 
11.98, -3825.174600, 0.439697, 1.093262, 
11.99, -4255.244600, 0.449463, 1.051758, 
12.00, -4611.887700, 0.445801, 1.012207, 
12.01, -4881.118700, 0.457764, 0.959961, 
12.02, -5076.922900, 0.465820, 0.928711, 
12.03, -5234.265600, 0.476563, 0.913818, 
12.04, -5388.111800, 0.506836, 0.897949, 
12.05, -5513.985800, 0.506104, 0.875732, 
12.06, -5639.859900, 0.532227, 0.875488, 
12.07, -5772.727100, 0.547363, 0.851318, 
12.08, -5863.636200, 0.555908, 0.816895, 
12.09, -5874.125500, 0.561279, 0.772461, 
12.10, -5793.706100, 0.573486, 0.727295, 
12.11, -5636.363300, 0.592041, 0.702393, 
12.12, -5506.992700, 0.612305, 0.721924, 
12.13, -5531.468300, 0.622559, 0.771240, 
12.14, -5625.874000, 0.644043, 0.770996, 
12.15, -5699.300300, 0.641113, 0.754883, 
12.16, -5800.699200, 0.654053, 0.735107, 
12.17, -5839.160600, 0.678955, 0.702393, 
12.18, -5842.657200, 0.685059, 0.664307, 
12.19, -5821.678200, 0.698975, 0.657471, 
12.20, -5800.699200, 0.693604, 0.634521, 
12.21, -5734.265600, 0.717285, 0.604980, 
12.22, -5629.370600, 0.731689, 0.563232, 
12.23, -5489.510300, 0.744141, 0.555176, 
12.24, -5370.628900, 0.764404, 0.552734, 
12.25, -5248.251500, 0.764648, 0.543213, 
12.26, -5188.811000, 0.778320, 0.555908, 
12.27, -5164.335400, 0.796387, 0.544434, 
12.28, -5136.363300, 0.802246, 0.534912, 
12.29, -5108.391600, 0.807617, 0.526123, 
12.30, -5083.916000, 0.810547, 0.508301, 
12.31, -5073.426300, 0.829102, 0.495605, 
12.32, -5031.468300, 0.840088, 0.464600, 
12.33, -4972.027800, 0.847656, 0.435303, 
12.34, -4870.628900, 0.859375, 0.419434, 
12.35, -4758.741200, 0.854004, 0.405273, 
12.36, -4674.825200, 0.859131, 0.405518, 
12.37, -4629.370600, 0.875977, 0.400635, 
12.38, -4590.908700, 0.884521, 0.412842, 
12.39, -4604.895000, 0.885254, 0.401611, 
12.40, -4625.874000, 0.883057, 0.382324, 
12.41, -4625.874000, 0.895752, 0.369385, 
12.42, -4629.370600, 0.902100, 0.344727, 
12.43, -4583.916000, 0.901611, 0.323975, 
12.44, -4548.950700, 0.912842, 0.307617, 
12.45, -4506.992700, 0.906494, 0.286621, 
12.46, -4437.062500, 0.926758, 0.264893, 
12.47, -4367.132800, 0.926758, 0.256836, 
12.48, -4332.167500, 0.937500, 0.264160, 
12.49, -4314.685100, 0.942139, 0.262207, 
12.50, -4304.195800, 0.937256, 0.240234, 
12.51, -4279.720200, 0.953369, 0.218018, 
12.52, -4258.741200, 0.955078, 0.233154, 
12.53, -4276.223600, 0.947021, 0.222168, 
12.54, -4293.706100, 0.956299, 0.193115, 
12.55, -4248.251500, 0.964111, 0.150391, 
12.56, -4146.853000, 0.958252, 0.121582, 
12.57, -4059.440400, 0.960449, 0.125000, 
12.58, -3965.034700, 0.963135, 0.098633, 
12.59, -3849.650100, 0.964600, 0.086426, 
12.60, -3734.265600, 0.973633, 0.078857, 
12.61, -3636.363500, 0.972656, 0.083984, 
12.62, -3587.412400, 0.970703, 0.081055, 
12.63, -3562.937000, 0.975830, 0.093750, 
12.64, -3580.419400, 0.973877, 0.087891, 
12.65, -3597.901900, 0.992432, 0.067871, 
12.66, -3590.908900, 0.976318, 0.044434, 
12.67, -3541.957800, 0.969727, 0.011230, 
12.68, -3479.020800, 0.985840, -0.001221, 
12.69, -3430.069800, 0.986572, 0.004639, 
12.70, -3391.608200, 0.992188, -0.004150, 
12.71, -3335.664100, 0.985107, -0.038330, 
12.72, -3251.748000, 0.995605, -0.039795, 
12.73, -3216.783000, 0.969971, -0.022217, 
12.74, -3220.279500, 0.988525, -0.019531, 
12.75, -3220.279500, 0.983643, -0.056641, 
12.76, -3164.335400, 0.979248, -0.085938, 
12.77, -3104.895000, 0.981934, -0.091553, 
12.78, -3045.454300, 0.977539, -0.098389, 
12.79, -2947.552200, 0.983154, -0.134277, 
12.80, -2800.699200, 0.978271, -0.154297, 
12.81, -2664.335400, 0.982422, -0.159912, 
12.82, -2541.958000, 0.980957, -0.125000, 
12.83, -2520.979000, 0.983398, -0.112549, 
12.84, -2534.964800, 0.975830, -0.124756, 
12.85, -2517.482400, 0.978027, -0.142578, 
12.86, -2489.510300, 0.974365, -0.158691, 
12.87, -2433.566400, 0.971680, -0.174072, 
12.88, -2367.132800, 0.989746, -0.182861, 
12.89, -2314.685300, 0.970703, -0.188721, 
12.90, -2276.223600, 0.978027, -0.171631, 
12.91, -2283.216800, 0.969482, -0.157227, 
12.92, -2307.692100, 0.970459, -0.170410, 
12.93, -2353.146700, 0.971436, -0.179443, 
12.94, -2360.139600, 0.963135, -0.196777, 
12.95, -2367.132800, 0.969727, -0.205566, 
12.96, -2360.139600, 0.976807, -0.203369, 
12.97, -2398.601300, 0.951904, -0.203125, 
12.98, -2444.055900, 0.956543, -0.200439, 
12.99, -2531.468500, 0.954102, -0.201660, 
13.00, -2622.377400, 0.958740, -0.196289, 
13.01, -2723.776100, 0.947510, -0.204346, 
13.02, -2849.650100, 0.946533, -0.211426, 
13.03, -2940.559300, 0.941162, -0.237793, 
13.04, -2996.503400, 0.957031, -0.276367, 
13.05, -2989.510300, 0.945068, -0.290283, 
13.06, -2982.517300, 0.928955, -0.300781, 
13.07, -2982.517300, 0.927246, -0.309570, 
13.08, -2961.538300, 0.938232, -0.340088, 
13.09, -2874.125700, 0.935791, -0.364746, 
13.10, -2762.237500, 0.921631, -0.370850, 
13.11, -2671.328600, 0.912354, -0.387939, 
13.12, -2569.929900, 0.917236, -0.384277, 
13.13, -2500.000000, 0.934570, -0.375244, 
13.14, -2461.538300, 0.920654, -0.375488, 
13.15, -2451.048800, 0.927734, -0.355469, 
13.16, -2527.971900, 0.886719, -0.330811, 
13.17, -2671.328600, 0.894043, -0.321045, 
13.18, -2755.244600, 0.906494, -0.362549, 
13.19, -2811.188700, 0.891846, -0.398438, 
13.20, -2786.713100, 0.878662, -0.447510, 
13.21, -2667.832000, 0.898926, -0.496826, 
13.22, -2430.069800, 0.893555, -0.541992, 
13.23, -2129.370600, 0.889893, -0.577148, 
13.24, -1755.244600, 0.877441, -0.628906, 
13.25, -1248.251700, 0.877686, -0.682617, 
13.26, -615.384580, 0.899170, -0.724365, 
13.27, 125.874120, 0.888428, -0.787109, 
13.28, 975.524410, 0.882813, -0.838623, 
13.29, 1940.559300, 0.895264, -0.847412, 
13.30, 2741.258500, 0.888184, -0.683350, 
13.31, 3202.797100, 0.888672, -0.543457, 
13.32, 3440.559300, 0.873291, -0.493164, 
13.33, 3653.845900, 0.883301, -0.497070, 
13.34, 3874.125700, 0.923584, -0.510742, 
13.35, 4101.398400, 0.878174, -0.447510, 
13.36, 4311.188500, 0.916260, -0.492676, 
13.37, 4566.433600, 0.910645, -0.454102, 
13.38, 4734.265600, 0.904053, -0.395020, 
13.39, 4814.685100, 0.896973, -0.372070, 
13.40, 4905.594200, 0.927002, -0.350098, 
13.41, 4972.027800, 0.898193, -0.345703, 
13.42, 5066.433100, 0.909912, -0.334961, 
13.43, 5171.328600, 0.937012, -0.302246, 
13.44, 5188.811000, 0.925781, -0.251953, 
13.45, 5132.866700, 0.923828, -0.208008, 
13.46, 5062.937000, 0.930420, -0.195068, 
13.47, 4989.510300, 0.949707, -0.196777, 
13.48, 4933.566400, 0.950439, -0.181885, 
13.49, 4884.615200, 0.940918, -0.175293, 
13.50, 4856.643100, 0.949219, -0.159424, 
13.51, 4800.699200, 0.961182, -0.137451, 
13.52, 4699.300300, 0.966553, -0.103027, 
13.53, 4583.916000, 0.964111, -0.073975, 
13.54, 4419.580100, 0.958984, -0.066162, 
13.55, 4286.712900, 0.960449, -0.046631, 
13.56, 4146.853000, 0.981934, -0.041260, 
13.57, 4052.447300, 0.976563, -0.038574, 
13.58, 3954.545200, 0.980713, -0.044922, 
13.59, 3895.104700, 0.982178, -0.039063, 
13.60, 3828.671100, 0.977295, -0.011963, 
13.61, 3744.755100, 0.975098, -0.005859, 
13.62, 3685.314500, 0.976318, -0.004639, 
13.63, 3667.832000, 0.988525, -0.013428, 
13.64, 3660.839100, 0.962891, 0.000977, 
13.65, 3646.853000, 0.982910, 0.007080, 
13.66, 3587.412400, 0.984131, 0.044189, 
13.67, 3510.489300, 0.963623, 0.064209, 
13.68, 3472.027800, 1.005615, 0.030029, 
13.69, 3506.992900, 0.967041, 0.024902, 
13.70, 3573.426500, 0.999268, 0.035156, 
13.71, 3611.887900, 0.972656, 0.048096, 
13.72, 3667.832000, 0.992920, 0.046631, 
13.73, 3737.762000, 0.995361, 0.079102, 
13.74, 3706.293500, 0.947754, 0.139648, 
13.75, 3639.859900, 1.006348, 0.141846, 
13.76, 3566.433300, 0.998047, 0.144775, 
13.77, 3482.517300, 0.949951, 0.185059, 
13.78, 3402.097700, 0.973877, 0.159180, 
13.79, 3402.097700, 0.970947, 0.114502, 
13.80, 3472.027800, 1.003906, 0.178955, 
13.81, 3447.552200, 0.941895, 0.164795, 
13.82, 3538.461400, 0.996338, 0.125732, 
13.83, 3671.328600, 0.952637, 0.132324, 
13.84, 3685.314500, 0.948975, 0.250000, 
13.85, 3559.440400, 0.929443, 0.239746, 
13.86, 3566.433300, 0.985352, 0.214600, 
13.87, 3583.916000, 0.925537, 0.227539, 
13.88, 3639.859900, 0.971436, 0.218018, 
13.89, 3646.853000, 0.947021, 0.255615, 
13.90, 3660.839100, 0.946777, 0.243408, 
13.91, 3706.293500, 0.940918, 0.254395, 
13.92, 3723.776100, 0.932373, 0.292236, 
13.93, 3741.258500, 0.961914, 0.286377, 
13.94, 3699.300500, 0.912842, 0.337158, 
13.95, 3643.356400, 0.943848, 0.330566, 
13.96, 3566.433300, 0.914795, 0.364258, 
13.97, 3524.475300, 0.906006, 0.338379, 
13.98, 3527.971900, 0.929443, 0.360352, 
13.99, 3419.580300, 0.916016, 0.434570, 
14.00, 3248.251700, 0.923340, 0.426025, 
14.01, 3150.349600, 0.910645, 0.402588, 
14.02, 3083.916000, 0.915039, 0.413574, 
14.03, 2965.034900, 0.899414, 0.466064, 
14.04, 2790.209700, 0.904785, 0.476318, 
14.05, 2646.853000, 0.898438, 0.467285, 
14.06, 2486.013900, 0.903076, 0.480713, 
14.07, 2353.146700, 0.899170, 0.460693, 
14.08, 2262.237500, 0.912354, 0.449951, 
14.09, 2237.762200, 0.883545, 0.431641, 
14.10, 2269.230700, 0.896973, 0.397705, 
14.11, 2395.104700, 0.896240, 0.378662, 
14.12, 2545.454300, 0.883789, 0.394043, 
14.13, 2650.349600, 0.873535, 0.427002, 
14.14, 2695.804000, 0.872314, 0.436523, 
14.15, 2765.734100, 0.857178, 0.441895, 
14.16, 2814.685300, 0.868408, 0.456787, 
14.17, 2853.146700, 0.860840, 0.452881, 
14.18, 2972.027800, 0.866699, 0.432617, 
14.19, 3136.363500, 0.855225, 0.420410, 
14.20, 3297.202600, 0.848877, 0.428223, 
14.21, 3458.041700, 0.853027, 0.451416, 
14.22, 3611.887900, 0.843750, 0.468262, 
14.23, 3772.727100, 0.822998, 0.460205, 
14.24, 3930.069800, 0.812988, 0.469971, 
14.25, 4111.887700, 0.808594, 0.484863, 
14.26, 4234.265600, 0.801025, 0.530518, 
14.27, 4251.748000, 0.804199, 0.567627, 
14.28, 4300.699200, 0.787109, 0.541992, 
14.29, 4370.629400, 0.759033, 0.593506, 
14.30, 4370.629400, 0.762695, 0.623779, 
14.31, 4300.699200, 0.760254, 0.643311, 
14.32, 4244.754900, 0.758545, 0.652588, 
14.33, 4188.811000, 0.764404, 0.683594, 
14.34, 4020.978800, 0.747803, 0.708496, 
14.35, 3867.132600, 0.742432, 0.711182, 
14.36, 3713.286600, 0.720947, 0.725830, 
14.37, 3566.433300, 0.714600, 0.734619, 
14.38, 3440.559300, 0.710205, 0.733154, 
14.39, 3314.685100, 0.695801, 0.729004, 
14.40, 3251.748000, 0.711670, 0.705078, 
14.41, 3265.734100, 0.674072, 0.700195, 
14.42, 3293.706100, 0.672119, 0.686279, 
14.43, 3339.160600, 0.687988, 0.714355, 
14.44, 3293.706100, 0.702393, 0.762695, 
14.45, 3139.860100, 0.677979, 0.796387, 
14.46, 2954.545400, 0.674561, 0.798096, 
14.47, 2835.664300, 0.667236, 0.785400, 
14.48, 2723.776100, 0.644043, 0.780518, 
14.49, 2664.335400, 0.653076, 0.776123, 
14.50, 2611.887900, 0.644287, 0.776611, 
14.51, 2541.958000, 0.646973, 0.808594, 
14.52, 2370.629200, 0.646729, 0.859619, 
14.53, 2090.908900, 0.638184, 0.901367, 
14.54, 1762.237700, 0.619629, 0.920898, 
14.55, 1419.580300, 0.630371, 0.918457, 
14.56, 1062.937000, 0.627930, 0.951904, 
14.57, 632.867130, 0.626953, 0.970947, 
14.58, 143.356640, 0.632324, 0.993408, 
14.59, -395.104890, 0.636475, 1.018799, 
14.60, -975.524410, 0.637451, 1.020996, 
14.61, -1531.468500, 0.613037, 1.011230, 
14.62, -2059.440400, 0.633301, 0.998047, 
14.63, -2552.447500, 0.632568, 0.973145, 
14.64, -3027.971900, 0.630371, 0.959229, 
14.65, -3513.985800, 0.638184, 0.951660, 
14.66, -3961.538300, 0.627930, 0.931396, 
14.67, -4388.111800, 0.636963, 0.924072, 
14.68, -4762.237300, 0.664063, 0.857666, 
14.69, -5020.979000, 0.665771, 0.788818, 
14.70, -5178.321300, 0.660156, 0.739258, 
14.71, -5244.754900, 0.670898, 0.714355, 
14.72, -5314.685100, 0.699951, 0.718018, 
14.73, -5402.097700, 0.691406, 0.691650, 
14.74, -5433.566400, 0.704346, 0.668701, 
14.75, -5458.041500, 0.709717, 0.647217, 
14.76, -5482.517100, 0.732666, 0.630127, 
14.77, -5475.524400, 0.751709, 0.608887, 
14.78, -5451.048800, 0.753906, 0.574463, 
14.79, -5412.587400, 0.767334, 0.575195, 
14.80, -5405.594200, 0.780518, 0.583740, 
14.81, -5437.062500, 0.787842, 0.597168, 
14.82, -5538.461400, 0.801270, 0.578857, 
14.83, -5615.384300, 0.805908, 0.530762, 
14.84, -5580.419400, 0.797363, 0.488770, 
14.85, -5472.027800, 0.814453, 0.459961, 
14.86, -5381.118700, 0.823975, 0.443115, 
14.87, -5279.720200, 0.838379, 0.425781, 
14.88, -5160.838900, 0.855957, 0.416748, 
14.89, -5080.419400, 0.856689, 0.403809, 
14.90, -5010.489300, 0.858154, 0.404785, 
14.91, -4954.545400, 0.867188, 0.397461, 
14.92, -4926.573200, 0.883789, 0.404785, 
14.93, -4972.027800, 0.888916, 0.382813, 
14.94, -4972.027800, 0.882813, 0.359131, 
14.95, -4877.622100, 0.901611, 0.318848, 
14.96, -4790.209500, 0.900146, 0.298584, 
14.97, -4709.790000, 0.916748, 0.301270, 
14.98, -4650.349600, 0.916016, 0.290283, 
14.99, -4587.412600, 0.928223, 0.282471, 
15.00, -4555.943800, 0.924805, 0.275391, 
15.01, -4531.468300, 0.932617, 0.269775, 
15.02, -4538.461400, 0.934570, 0.264648, 
15.03, -4541.958000, 0.939453, 0.236084, 
15.04, -4527.971700, 0.956055, 0.214600, 
15.05, -4489.510300, 0.944824, 0.207275, 
15.06, -4465.034700, 0.962891, 0.198975, 
15.07, -4430.069800, 0.950439, 0.172119, 
15.08, -4377.622100, 0.962891, 0.163330, 
15.09, -4339.160600, 0.954590, 0.152588, 
15.10, -4321.678200, 0.977051, 0.142822, 
15.11, -4272.727100, 0.970703, 0.118408, 
15.12, -4206.293500, 0.961182, 0.096191, 
15.13, -4160.838900, 0.958984, 0.074707, 
15.14, -4090.908900, 0.970703, 0.074951, 
15.15, -4055.943800, 0.979248, 0.070557, 
15.16, -4027.971900, 0.971436, 0.058838, 
15.17, -3972.027800, 0.968750, 0.018799, 
15.18, -3895.104700, 0.971436, 0.008545, 
15.19, -3793.706100, 0.977539, 0.010010, 
15.20, -3737.762000, 0.969238, -0.002197, 
15.21, -3692.307600, 0.978760, -0.002930, 
15.22, -3643.356400, 0.974854, -0.023193, 
15.23, -3604.895000, 0.968018, -0.042725, 
15.24, -3517.482400, 0.982178, -0.062012, 
15.25, -3423.076700, 0.973145, -0.066650, 
15.26, -3346.153800, 0.975342, -0.066406, 
15.27, -3276.223600, 0.979004, -0.092773, 
15.28, -3181.818100, 0.987305, -0.110840, 
15.29, -3076.922900, 0.990479, -0.109375, 
15.30, -2996.503400, 0.981934, -0.114258, 
15.31, -2954.545400, 0.979492, -0.111572, 
15.32, -2905.594200, 0.982422, -0.124512, 
15.33, -2849.650100, 0.977539, -0.133301, 
15.34, -2818.181600, 0.976318, -0.125977, 
15.35, -2800.699200, 0.981689, -0.131104, 
15.36, -2821.678200, 0.975586, -0.129883, 
15.37, -2828.671100, 0.981689, -0.143555, 
15.38, -2846.153800, 0.977539, -0.132568, 
15.39, -2902.097700, 0.976807, -0.150391, 
15.40, -2884.615200, 0.974854, -0.174316, 
15.41, -2860.139600, 0.972656, -0.200684, 
15.42, -2800.699200, 0.964111, -0.220459, 
15.43, -2734.265600, 0.974121, -0.228027, 
15.44, -2681.818100, 0.968750, -0.234863, 
15.45, -2590.908900, 0.958252, -0.260010, 
15.46, -2513.985800, 0.965088, -0.251221, 
15.47, -2475.524400, 0.959961, -0.221680, 
15.48, -2520.979000, 0.962646, -0.212158, 
15.49, -2590.908900, 0.944336, -0.217285, 
15.50, -2660.839100, 0.963135, -0.222656, 
15.51, -2751.748000, 0.963379, -0.202148, 
15.52, -2930.069800, 0.927734, -0.208984, 
15.53, -3010.489300, 0.963135, -0.220459, 
15.54, -3136.363500, 0.926270, -0.271240, 
15.55, -3216.783000, 0.920898, -0.263184, 
15.56, -3297.202600, 0.929688, -0.280518, 
15.57, -3342.657200, 0.920898, -0.293701, 
15.58, -3412.587200, 0.899414, -0.329834, 
15.59, -3367.132800, 0.937988, -0.362061, 
15.60, -3293.706100, 0.910645, -0.397949, 
15.61, -3160.839100, 0.910400, -0.416016, 
15.62, -2999.999800, 0.904053, -0.469727, 
15.63, -2748.251700, 0.903564, -0.490234, 
15.64, -2437.062700, 0.910645, -0.534424, 
15.65, -2094.405500, 0.907715, -0.521729, 
15.66, -1853.146700, 0.912598, -0.471924, 
15.67, -1706.293600, 0.898926, -0.446533, 
15.68, -1629.370600, 0.908936, -0.445068, 
15.69, -1545.454500, 0.897949, -0.447510, 
15.70, -1451.048800, 0.905273, -0.472656, 
15.71, -1332.167700, 0.894531, -0.463623, 
15.72, -1223.776100, 0.885010, -0.459717, 
15.73, -1174.825100, 0.891113, -0.438721, 
15.74, -1202.797100, 0.880127, -0.411865, 
15.75, -1188.811200, 0.916748, -0.442383, 
15.76, -1206.293700, 0.855957, -0.471436, 
15.77, -1104.895000, 0.892334, -0.497559, 
15.78, -930.069890, 0.879883, -0.576904, 
15.79, -622.377560, 0.853516, -0.611328, 
15.80, -164.335660, 0.906494, -0.681641, 
15.81, 451.048920, 0.873291, -0.752930, 
15.82, 1192.307600, 0.877197, -0.761719, 
15.83, 1804.195700, 0.887207, -0.646973, 
15.84, 2143.356400, 0.892822, -0.556641, 
15.85, 2412.587400, 0.881104, -0.528564, 
15.86, 2660.839100, 0.874756, -0.545898, 
15.87, 2954.545400, 0.900879, -0.554932, 
15.88, 3293.706100, 0.880371, -0.562012, 
15.89, 3657.342500, 0.895508, -0.561279, 
15.90, 4024.475300, 0.881592, -0.543945, 
15.91, 4384.615200, 0.886230, -0.513428, 
15.92, 4667.832000, 0.898926, -0.477539, 
15.93, 4919.580100, 0.899414, -0.464844, 
15.94, 5195.803700, 0.892578, -0.462158, 
15.95, 5468.531300, 0.907959, -0.445068, 
15.96, 5765.733900, 0.897217, -0.426514, 
15.97, 6034.964800, 0.918213, -0.406006, 
15.98, 6286.712900, 0.914795, -0.370117, 
15.99, 6475.524400, 0.906738, -0.312256, 
16.00, 6576.922900, 0.915283, -0.261719, 
16.01, 6615.384300, 0.904053, -0.226074, 
16.02, 6643.356400, 0.918701, -0.212402, 
16.03, 6685.314500, 0.914307, -0.202637, 
16.04, 6755.244600, 0.911377, -0.199951, 
16.05, 6853.146500, 0.911377, -0.179932, 
16.06, 6961.538100, 0.936523, -0.152832, 
16.07, 7055.943800, 0.927002, -0.122559, 
16.08, 7087.412100, 0.939209, -0.064941, 
16.09, 7031.468300, 0.939209, -0.010010, 
16.10, 6895.104500, 0.934082, 0.031982, 
16.11, 6720.279300, 0.939209, 0.070313, 
16.12, 6545.454100, 0.946289, 0.072021, 
16.13, 6430.069800, 0.945557, 0.059326, 
16.14, 6374.125500, 0.941162, 0.059814, 
16.15, 6374.125500, 0.948975, 0.074219, 
16.16, 6314.685100, 0.947266, 0.126465, 
16.17, 6199.300300, 0.940674, 0.163818, 
16.18, 6031.468300, 0.951172, 0.188477, 
16.19, 5881.118700, 0.944824, 0.193359, 
16.20, 5758.741200, 0.945313, 0.197266, 
16.21, 5692.307600, 0.947998, 0.198242, 
16.22, 5636.363300, 0.941650, 0.208496, 
16.23, 5594.405300, 0.924561, 0.221680, 
16.24, 5552.447300, 0.939697, 0.239990, 
16.25, 5506.992700, 0.940918, 0.251221, 
16.26, 5506.992700, 0.930664, 0.254883, 
16.27, 5517.482400, 0.916260, 0.270996, 
16.28, 5482.517100, 0.915283, 0.312012, 
16.29, 5423.076700, 0.906006, 0.339844, 
16.30, 5304.195300, 0.911133, 0.364502, 
16.31, 5199.300300, 0.907959, 0.373047, 
16.32, 5115.384300, 0.909180, 0.362549, 
16.33, 5101.398400, 0.899170, 0.363281, 
16.34, 5118.880900, 0.884033, 0.364258, 
16.35, 5129.370600, 0.888184, 0.385986, 
16.36, 5118.880900, 0.877930, 0.412109, 
16.37, 5066.433100, 0.871094, 0.452881, 
16.38, 4975.524400, 0.880127, 0.462402, 
16.39, 4884.615200, 0.863281, 0.462402, 
16.40, 4877.622100, 0.851074, 0.450928, 
16.41, 4944.055700, 0.840576, 0.430664, 
16.42, 5034.964800, 0.842285, 0.447021, 
16.43, 5111.887700, 0.832031, 0.490234, 
16.44, 5097.901900, 0.825439, 0.527100, 
16.45, 5013.985800, 0.828857, 0.567139, 
16.46, 4895.104500, 0.815674, 0.580322, 
16.47, 4786.712900, 0.815186, 0.584473, 
16.48, 4723.775900, 0.799561, 0.581543, 
16.49, 4646.853000, 0.797852, 0.607422, 
16.50, 4534.964800, 0.791992, 0.632080, 
16.51, 4384.615200, 0.777344, 0.656006, 
16.52, 4251.748000, 0.773193, 0.656494, 
16.53, 4111.887700, 0.771729, 0.678223, 
16.54, 3968.531300, 0.769775, 0.679443, 
16.55, 3832.167700, 0.761230, 0.684082, 
16.56, 3720.279500, 0.747314, 0.688232, 
16.57, 3615.384500, 0.744629, 0.690430, 
16.58, 3538.461400, 0.735596, 0.681152, 
16.59, 3499.999800, 0.725586, 0.670410, 
16.60, 3461.538300, 0.721680, 0.682129, 
16.61, 3444.055700, 0.720703, 0.690918, 
16.62, 3405.594200, 0.714111, 0.705811, 
16.63, 3328.671100, 0.708252, 0.728516, 
16.64, 3230.769000, 0.697021, 0.738281, 
16.65, 3094.405500, 0.692139, 0.767334, 
16.66, 2965.034900, 0.684326, 0.777588, 
16.67, 2828.671100, 0.688965, 0.764648, 
16.68, 2713.286600, 0.691650, 0.759277, 
16.69, 2643.356400, 0.664307, 0.767090, 
16.70, 2527.971900, 0.671143, 0.782471, 
16.71, 2405.594200, 0.670898, 0.794189, 
16.72, 2272.727100, 0.667969, 0.806152, 
16.73, 2118.881100, 0.665771, 0.814209, 
16.74, 1972.027800, 0.649414, 0.814941, 
16.75, 1790.209700, 0.645020, 0.821777, 
16.76, 1629.370600, 0.653320, 0.829834, 
16.77, 1503.496500, 0.636475, 0.809326, 
16.78, 1398.601300, 0.642334, 0.781982, 
16.79, 1391.608300, 0.632813, 0.757813, 
16.80, 1437.062900, 0.634521, 0.742188, 
16.81, 1499.999900, 0.640381, 0.735352, 
16.82, 1604.895000, 0.629639, 0.732422, 
16.83, 1671.328600, 0.625488, 0.749756, 
16.84, 1702.797100, 0.619629, 0.770264, 
16.85, 1737.762200, 0.618652, 0.763916, 
16.86, 1779.720200, 0.603027, 0.754395, 
16.87, 1842.657200, 0.623535, 0.779785, 
16.88, 1849.650300, 0.593750, 0.776611, 
16.89, 1895.104900, 0.592285, 0.766846, 
16.90, 1972.027800, 0.600830, 0.746094, 
16.91, 2108.391600, 0.559326, 0.748047, 
16.92, 2192.307600, 0.593506, 0.771240, 
16.93, 2279.720200, 0.559326, 0.777588, 
16.94, 2349.650100, 0.590088, 0.807617, 
16.95, 2374.125700, 0.550049, 0.821777, 
16.96, 2342.657200, 0.552246, 0.854248, 
16.97, 2255.244600, 0.532959, 0.857666, 
16.98, 2178.321500, 0.549805, 0.860840, 
16.99, 2094.405500, 0.548584, 0.889404, 
17.00, 1965.034900, 0.536865, 0.899414, 
17.01, 1818.181800, 0.519775, 0.914307, 
17.02, 1615.384500, 0.525391, 0.918213, 
17.03, 1451.048800, 0.527100, 0.923340, 
17.04, 1265.734300, 0.519043, 0.933838, 
17.05, 1048.951000, 0.541748, 0.940186, 
17.06, 828.671260, 0.544189, 0.941406, 
17.07, 615.384580, 0.529297, 0.937256, 
17.08, 430.069920, 0.494385, 0.926025, 
17.09, 213.286700, 0.558350, 0.949219, 
17.10, 38.461536, 0.496338, 0.919678, 
17.11, -111.888110, 0.489502, 0.937988, 
17.12, -353.146850, 0.559082, 0.915283, 
17.13, -454.545440, 0.484375, 0.895020, 
17.14, -534.965030, 0.552002, 0.886719, 
17.15, -660.839110, 0.518066, 0.916748, 
17.16, -884.615360, 0.520020, 0.950928, 
17.17, -1094.405500, 0.551758, 0.944580, 
17.18, -1339.160800, 0.532959, 0.949951, 
17.19, -1688.811200, 0.573730, 1.053223, 
17.20, -2097.902100, 0.525391, 0.982178, 
17.21, -2419.580300, 0.567139, 0.996094, 
17.22, -2821.678200, 0.509033, 0.943115, 
17.23, -2996.503400, 0.577881, 0.905762, 
17.24, -3160.839100, 0.542480, 0.863770, 
17.25, -3234.265600, 0.572021, 0.838623, 
17.26, -3339.160600, 0.559082, 0.857910, 
17.27, -3493.006800, 0.583252, 0.893066, 
17.28, -3769.230700, 0.597168, 0.916504, 
17.29, -4073.426300, 0.604248, 0.913086, 
17.30, -4419.580100, 0.609863, 0.919189, 
17.31, -4744.754900, 0.608887, 0.891113, 
17.32, -5006.992700, 0.609619, 0.855225, 
17.33, -5230.769000, 0.626953, 0.834229, 
17.34, -5440.559100, 0.635498, 0.822998, 
17.35, -5653.845700, 0.630371, 0.822021, 
17.36, -5867.132800, 0.649414, 0.784424, 
17.37, -6020.978500, 0.677979, 0.744873, 
17.38, -6153.845700, 0.696777, 0.738037, 
17.39, -6297.202600, 0.675049, 0.727783, 
17.40, -6479.020500, 0.699219, 0.719727, 
17.41, -6674.824700, 0.704834, 0.677734, 
17.42, -6688.811000, 0.721191, 0.625977, 
17.43, -6681.817900, 0.733154, 0.614014, 
17.44, -6685.314500, 0.741943, 0.605713, 
17.45, -6685.314500, 0.755859, 0.594971, 
17.46, -6702.796900, 0.770508, 0.562744, 
17.47, -6734.265600, 0.781006, 0.520020, 
17.48, -6678.321300, 0.791748, 0.501465, 
17.49, -6674.824700, 0.807129, 0.479736, 
17.50, -6671.328100, 0.806641, 0.455322, 
17.51, -6653.845700, 0.826660, 0.426758, 
17.52, -6496.503400, 0.835449, 0.414307, 
17.53, -6451.048800, 0.849854, 0.389404, 
17.54, -6325.174300, 0.858643, 0.365967, 
17.55, -6234.265600, 0.860352, 0.340332, 
17.56, -6097.901900, 0.888184, 0.310059, 
17.57, -5944.055700, 0.885010, 0.283203, 
17.58, -5762.237300, 0.888428, 0.262207, 
17.59, -5594.405300, 0.903320, 0.273682, 
17.60, -5520.979000, 0.905518, 0.291260, 
17.61, -5513.985800, 0.921387, 0.302490, 
17.62, -5555.943800, 0.917236, 0.294678, 
17.63, -5576.922900, 0.900635, 0.256104, 
17.64, -5590.908700, 0.954102, 0.237061, 
17.65, -5552.447300, 0.932861, 0.204834, 
17.66, -5531.468300, 0.946045, 0.194092, 
17.67, -5496.503400, 0.929688, 0.162842, 
17.68, -5409.090800, 0.937744, 0.125244, 
17.69, -5293.706100, 0.958252, 0.077881, 
17.70, -5080.419400, 0.955322, 0.033203, 
17.71, -4835.664100, 0.973145, 0.020752, 
17.72, -4590.908700, 0.963379, 0.009033, 
17.73, -4377.622100, 0.963623, 0.004150, 
17.74, -4185.314500, 0.973877, 0.006104, 
17.75, -4052.447300, 0.981934, -0.009521, 
17.76, -3846.153600, 0.970703, -0.028320, 
17.77, -3685.314500, 0.980713, 0.005127, 
17.78, -3611.887900, 1.000244, -0.007813, 
17.79, -3527.971900, 0.978271, -0.008057, 
17.80, -3437.062700, 0.982666, -0.028320, 
17.81, -3363.636200, 0.973877, -0.023438, 
17.82, -3346.153800, 0.989014, -0.017090, 
17.83, -3346.153800, 0.971924, -0.011719, 
17.84, -3346.153800, 1.002197, -0.027832, 
17.85, -3307.692100, 0.964355, -0.110352, 
17.86, -3038.461400, 0.973389, -0.235352, 
17.87, -2524.475300, 0.986084, -0.337402, 
17.88, -1811.188700, 1.006836, -0.386475, 
17.89, -1122.377600, 0.999268, -0.327148, 
17.90, -660.839110, 0.986572, -0.195557, 
17.91, -496.503480, 0.991699, -0.075195, 
17.92, -590.909060, 0.991455, -0.011719, 
17.93, -800.699280, 0.987549, 0.021240, 
17.94, -1055.944000, 0.996338, 0.018555, 
17.95, -1255.244800, 0.997803, -0.021973, 
17.96, -1398.601300, 0.980225, -0.040527, 
17.97, -1520.979000, 1.014648, -0.042236, 
17.98, -1678.321700, 0.991943, -0.036865, 
17.99, -1786.713300, 0.986816, -0.093018, 
18.00, -1786.713300, 0.977051, -0.150879, 
18.01, -1639.860100, 0.981689, -0.190186, 
18.02, -1482.517500, 0.993164, -0.188232, 
18.03, -1374.125900, 0.983398, -0.172852, 
18.04, -1349.650300, 0.988525, -0.117432, 
18.05, -1367.132800, 0.972656, -0.145264, 
18.06, -1367.132800, 0.989746, -0.130615, 
18.07, -1493.007000, 0.978760, -0.101318, 
18.08, -1569.930100, 0.978271, -0.149170, 
18.09, -1534.965000, 0.982422, -0.181152, 
18.10, -1398.601300, 0.968750, -0.223633, 
18.11, -1265.734300, 0.985352, -0.226318, 
18.12, -1136.363500, 0.985107, -0.212891, 
18.13, -1094.405500, 0.968018, -0.170898, 
18.14, -1146.853100, 0.975586, -0.133301, 
18.15, -1213.286600, 0.975830, -0.168701, 
18.16, -1220.279700, 0.985107, -0.203857, 
18.17, -1181.818100, 0.974854, -0.210449, 
18.18, -1118.881100, 0.970947, -0.215332, 
18.19, -1073.426500, 0.955566, -0.224365, 
18.20, -1024.475500, 0.971924, -0.220459, 
18.21, -996.503480, 0.966064, -0.199707, 
18.22, -999.999940, 0.977539, -0.206787, 
18.23, -1017.482500, 0.977783, -0.207764, 
18.24, -1031.468500, 0.983398, -0.207520, 
18.25, -1062.937000, 0.983643, -0.212646, 
18.26, -1083.916000, 0.971924, -0.198242, 
18.27, -1132.867100, 0.960938, -0.230225, 
18.28, -1111.888100, 0.965576, -0.257813, 
18.29, -1017.482500, 0.963379, -0.291260, 
18.30, -884.615360, 0.968506, -0.297852, 
18.31, -737.762210, 0.972168, -0.292236, 
18.32, -622.377560, 0.968994, -0.266846, 
18.33, -597.902100, 0.959961, -0.237061, 
18.34, -622.377560, 0.959961, -0.241943, 
18.35, -615.384580, 0.966797, -0.264648, 
18.36, -541.958010, 0.960938, -0.294922, 
18.37, -437.062930, 0.968750, -0.311523, 
18.38, -283.216770, 0.968262, -0.331543, 
18.39, -97.902092, 0.958008, -0.351563, 
18.40, 167.832150, 0.959717, -0.375488, 
18.41, 461.538450, 0.960449, -0.398438, 
18.42, 804.195740, 0.962891, -0.394043, 
18.43, 1136.363500, 0.956543, -0.381592, 
18.44, 1433.566400, 0.968262, -0.358154, 
18.45, 1674.825100, 0.962646, -0.318115, 
18.46, 1835.664300, 0.939453, -0.310303, 
18.47, 2038.461400, 0.967285, -0.344482, 
18.48, 2335.664300, 0.966309, -0.376221, 
18.49, 2734.265600, 0.969238, -0.405762, 
18.50, 3167.832000, 0.962158, -0.396484, 
18.51, 3580.419400, 0.955566, -0.350098, 
18.52, 3863.636200, 0.956543, -0.289307, 
18.53, 4090.908900, 0.954102, -0.252930, 
18.54, 4216.783200, 0.965088, -0.217773, 
18.55, 4339.160600, 0.965576, -0.189941, 
18.56, 4426.573200, 0.959717, -0.180908, 
18.57, 4506.992700, 0.964844, -0.161621, 
18.58, 4587.412600, 0.972412, -0.133545, 
18.59, 4629.370600, 0.969482, -0.120605, 
18.60, 4667.832000, 0.949951, -0.107422, 
18.61, 4751.748000, 0.967285, -0.112305, 
18.62, 4856.643100, 0.966309, -0.114746, 
18.63, 5003.496100, 0.971680, -0.103516, 
18.64, 5150.349600, 0.963623, -0.083740, 
18.65, 5265.733900, 0.957031, -0.049805, 
18.66, 5335.664100, 0.966064, -0.015137, 
18.67, 5346.153800, 0.962402, 0.028809, 
18.68, 5307.691900, 0.958252, 0.057617, 
18.69, 5237.762200, 0.967285, 0.077637, 
18.70, 5185.314500, 0.948730, 0.086670, 
18.71, 5153.845700, 0.971191, 0.089844, 
18.72, 5160.838900, 0.957031, 0.078613, 
18.73, 5213.286600, 0.952637, 0.083252, 
18.74, 5276.223600, 0.963623, 0.124756, 
18.75, 5255.244600, 0.954834, 0.184570, 
18.76, 5104.895000, 0.945557, 0.232178, 
18.77, 4923.076700, 0.951660, 0.255859, 
18.78, 4734.265600, 0.944824, 0.269043, 
18.79, 4576.922900, 0.949951, 0.248535, 
18.80, 4548.950700, 0.946777, 0.199951, 
18.81, 4646.853000, 0.945313, 0.151855, 
18.82, 4874.125500, 0.943115, 0.140625, 
18.83, 5059.440400, 0.932373, 0.182617, 
18.84, 5181.817900, 0.939697, 0.255127, 
18.85, 5129.370600, 0.926270, 0.365967, 
18.86, 4888.111800, 0.912598, 0.453369, 
18.87, 4531.468300, 0.922852, 0.461182, 
18.88, 4178.321300, 0.932129, 0.466553, 
18.89, 3891.608200, 0.923584, 0.453369, 
18.90, 3625.874000, 0.927979, 0.447998, 
18.91, 3426.573200, 0.923828, 0.426758, 
18.92, 3276.223600, 0.907715, 0.416504, 
18.93, 3157.342500, 0.920898, 0.423340, 
18.94, 3024.475300, 0.914307, 0.449219, 
18.95, 2839.160600, 0.904297, 0.484131, 
18.96, 2597.901900, 0.902832, 0.509277, 
18.97, 2332.167700, 0.903076, 0.526367, 
18.98, 2031.468400, 0.912598, 0.538818, 
18.99, 1755.244600, 0.917725, 0.538086, 
19.00, 1468.531400, 0.910156, 0.527588, 
19.01, 1241.258700, 0.902344, 0.504150, 
19.02, 1041.958000, 0.906738, 0.494873, 
19.03, 912.587340, 0.902832, 0.470215, 
19.04, 825.174800, 0.892578, 0.465820, 
19.05, 741.258730, 0.897949, 0.471680, 
19.06, 639.860110, 0.899658, 0.482666, 
19.07, 510.489470, 0.907715, 0.507080, 
19.08, 339.160830, 0.897705, 0.517578, 
19.09, 174.825160, 0.902588, 0.504150, 
19.10, 17.482517, 0.903320, 0.504883, 
19.11, -125.874120, 0.891113, 0.491455, 
19.12, -255.244740, 0.907959, 0.480469, 
19.13, -335.664310, 0.907959, 0.448975, 
19.14, -314.685300, 0.899658, 0.396729, 
19.15, -220.279710, 0.889160, 0.379639, 
19.16, -97.902092, 0.897461, 0.383789, 
19.17, -17.482517, 0.905762, 0.410889, 
19.18, 27.972027, 0.908203, 0.423096, 
19.19, -0.000000, 0.909668, 0.438477, 
19.20, -34.965034, 0.903564, 0.456299, 
19.21, -108.391600, 0.906006, 0.465088, 
19.22, -202.797200, 0.907959, 0.457764, 
19.23, -276.223750, 0.912598, 0.454102, 
19.24, -332.167820, 0.902344, 0.442139, 
19.25, -423.076900, 0.926514, 0.545166, 
19.26, -667.832150, 0.930176, 0.487549, 
19.27, -737.762210, 0.883545, 0.422363, 
19.28, -716.783200, 0.927002, 0.400391, 
19.29, -713.286680, 0.893799, 0.403076, 
19.30, -692.307680, 0.916504, 0.406982, 
19.31, -667.832150, 0.902100, 0.413818, 
19.32, -716.783200, 0.912598, 0.442139, 
19.33, -821.678280, 0.907471, 0.474854, 
19.34, -1010.489400, 0.910645, 0.483887, 
19.35, -1216.783200, 0.893066, 0.512207, 
19.36, -1506.992900, 0.906982, 0.515381, 
19.37, -1744.755100, 0.921875, 0.450684, 
19.38, -1804.195700, 0.922852, 0.388184, 
19.39, -1790.209700, 0.919922, 0.359131, 
19.40, -1713.286600, 0.914795, 0.345459, 
19.41, -1660.839100, 0.934082, 0.333008, 
19.42, -1583.916000, 0.915771, 0.333740, 
19.43, -1520.979000, 0.924072, 0.339600, 
19.44, -1503.496500, 0.935303, 0.365967, 
19.45, -1555.944000, 0.945068, 0.380127, 
19.46, -1643.356600, 0.942871, 0.252930, 
19.47, -1052.447500, 0.943359, 0.093994, 
19.48, -912.587340, 0.948486, 0.480957, 
19.49, -1262.237700, 0.912109, 0.401855, 
19.50, -1290.209700, 0.966553, 0.315430, 
19.51, -1251.748200, 0.934570, 0.310303, 
19.52, -1199.300700, 0.940674, 0.272461, 
19.53, -1090.909100, 0.953857, 0.284668, 
19.54, -1041.958000, 0.933838, 0.302002, 
19.55, -1041.958000, 0.959473, 0.320801, 
19.56, -1080.419600, 0.946289, 0.342773, 
19.57, -1192.307600, 0.961426, 0.374756, 
19.58, -1370.629300, 0.943115, 0.375732, 
19.59, -1534.965000, 0.965088, 0.365234, 
19.60, -1695.804100, 0.958984, 0.357422, 
19.61, -1853.146700, 0.955078, 0.371826, 
19.62, -2055.943800, 0.962402, 0.359375, 
19.63, -2227.272700, 0.954346, 0.339111, 
19.64, -2381.118700, 0.954102, 0.322021, 
19.65, -2510.489500, 0.954346, 0.304932, 
19.66, -2580.419400, 0.938965, 0.273926, 
19.67, -2611.887900, 0.952148, 0.235596, 
19.68, -2524.475300, 0.962402, 0.164307, 
19.69, -2335.664300, 0.963623, 0.119629, 
19.70, -2069.929900, 0.965820, 0.103516, 
19.71, -1814.685200, 0.972168, 0.110352, 
19.72, -1590.909100, 0.969238, 0.129395, 
19.73, -1433.566400, 0.967285, 0.157227, 
19.74, -1377.622300, 0.980957, 0.200195, 
19.75, -1370.629300, 0.962402, 0.156006, 
19.76, -1258.741200, 0.992920, 0.152588, 
19.77, -1230.769200, 0.968750, 0.182861, 
19.78, -1248.251700, 0.972900, 0.176758, 
19.79, -1234.265600, 0.975098, 0.176270, 
