0.00, -412.587400, 1.041992, -0.000244, 
0.01, -377.622340, 1.013672, -0.010742, 
0.02, -356.643340, 1.003906, -0.010254, 
0.03, -314.685300, 0.972412, -0.020752, 
0.04, -262.237760, 1.003662, -0.025635, 
0.05, -220.279710, 1.001465, -0.022461, 
0.06, -139.860140, 0.937988, -0.015381, 
0.07, -129.370620, 1.074707, -0.025635, 
0.08, -55.944054, 1.080566, -0.017090, 
0.09, 59.440556, 1.026123, -0.002441, 
0.10, 136.363630, 1.001709, -0.019775, 
0.11, 171.328660, 1.013672, -0.034180, 
0.12, 178.321670, 0.992920, -0.020508, 
0.13, 213.286700, 0.973389, -0.020264, 
0.14, 262.237760, 0.997559, -0.008057, 
0.15, 314.685300, 1.014404, -0.013184, 
0.16, 328.671330, 1.021484, -0.004150, 
0.17, 353.146850, 0.988037, 0.001953, 
0.18, 363.636350, 0.994141, -0.002686, 
0.19, 356.643340, 0.987305, 0.001221, 
0.20, 377.622340, 1.013916, 0.002686, 
0.21, 388.111880, 0.999512, 0.004150, 
0.22, 409.090880, 0.997314, 0.002441, 
0.23, 409.090880, 0.995605, -0.003418, 
0.24, 437.062930, 0.998291, -0.004150, 
0.25, 444.055910, 1.010254, 0.006104, 
0.26, 465.034940, 0.993652, 0.008057, 
0.27, 454.545440, 0.993652, 0.010742, 
0.28, 454.545440, 1.002441, 0.011719, 
0.29, 472.027950, 1.000732, 0.018066, 
0.30, 430.069920, 1.007568, 0.034180, 
0.31, 405.594390, 1.003662, 0.040283, 
0.32, 363.636350, 1.003174, 0.036621, 
0.33, 339.160830, 1.000244, 0.025391, 
0.34, 290.209780, 1.001953, 0.031738, 
0.35, 255.244740, 0.995361, 0.031738, 
0.36, 216.783200, 1.002686, 0.041504, 
0.37, 174.825160, 0.992920, 0.035400, 
0.38, 125.874120, 1.000000, 0.042725, 
0.39, 69.930069, 1.008789, 0.038818, 
0.40, 20.979019, 1.002441, 0.036133, 
0.41, -10.489510, 0.999023, 0.035156, 
0.42, -41.958038, 0.994629, 0.024170, 
0.43, -52.447552, 1.003662, 0.018066, 
0.44, -62.937061, 1.005371, 0.020752, 
0.45, -62.937061, 1.010986, 0.023682, 
0.46, -83.916077, 0.999268, 0.026611, 
0.47, -80.419579, 0.995605, 0.021729, 
0.48, -111.888110, 1.000488, 0.018066, 
0.49, -122.377620, 1.001221, 0.011719, 
0.50, -118.881110, 0.997314, 0.014404, 
0.51, -129.370620, 0.997070, 0.016357, 
0.52, -139.860140, 0.994629, 0.015869, 
0.53, -157.342650, 1.000977, 0.020752, 
0.54, -174.825160, 0.993896, 0.016846, 
0.55, -174.825160, 1.009521, 0.015381, 
0.56, -199.300690, 0.997803, 0.015137, 
0.57, -227.272720, 0.991699, 0.016846, 
0.58, -237.762220, 1.010986, 0.004883, 
0.59, -237.762220, 0.998047, 0.000977, 
0.60, -227.272720, 1.013184, -0.000732, 
0.61, -230.769230, 0.997314, 0.000488, 
0.62, -213.286700, 1.007080, 0.003418, 
0.63, -220.279710, 0.997803, -0.004639, 
0.64, -206.293700, 1.010986, -0.007568, 
0.65, -202.797200, 0.990234, -0.007568, 
0.66, -195.804180, 0.997314, 0.008545, 
0.67, -234.265720, 0.993652, -0.007568, 
0.68, -206.293700, 0.996582, -0.011719, 
0.69, -157.342650, 0.998779, -0.019775, 
0.70, -129.370620, 1.000244, -0.011475, 
0.71, -101.398600, 0.992920, -0.009033, 
0.72, -94.405586, 1.005859, -0.021484, 
0.73, -73.426567, 1.001709, -0.015381, 
0.74, -38.461536, 1.002686, -0.019043, 
0.75, -41.958038, 1.000000, -0.017334, 
0.76, -27.972027, 0.999512, -0.014404, 
0.77, -17.482517, 1.003662, -0.013184, 
0.78, -3.496503, 1.003418, -0.018066, 
0.79, -3.496503, 0.991211, -0.013428, 
0.80, 6.993007, 0.994629, -0.012939, 
0.81, 13.986013, 0.999268, -0.006836, 
0.82, 17.482517, 1.000977, -0.004639, 
0.83, -0.000000, 1.005127, -0.003906, 
0.84, 6.993007, 1.006836, -0.013428, 
0.85, 3.496503, 0.992432, -0.011963, 
0.86, -3.496503, 0.991211, -0.010254, 
0.87, -20.979019, 1.005859, -0.014893, 
0.88, -20.979019, 0.996094, -0.015869, 
0.89, -45.454544, 0.997559, -0.006104, 
0.90, -59.440556, 0.997314, -0.003906, 
0.91, -83.916077, 0.997314, -0.017090, 
0.92, -76.923073, 1.008789, -0.011475, 
0.93, -97.902092, 1.004639, -0.013184, 
0.94, -104.895100, 1.000732, -0.014404, 
0.95, -101.398600, 0.996094, -0.019531, 
0.96, -97.902092, 0.996338, -0.022461, 
0.97, -122.377620, 0.996582, -0.012939, 
0.98, -139.860140, 0.991699, -0.018799, 
0.99, -143.356640, 1.000977, -0.012939, 
1.00, -160.839160, 1.002441, -0.019531, 
1.01, -178.321670, 0.997803, -0.016602, 
1.02, -178.321670, 1.000488, -0.020996, 
1.03, -188.811170, 1.002197, -0.017090, 
1.04, -174.825160, 1.001221, -0.024170, 
1.05, -202.797200, 0.986084, -0.020264, 
1.06, -209.790210, 0.990967, -0.028564, 
1.07, -209.790210, 0.997314, -0.023682, 
1.08, -223.776210, 1.007568, -0.020508, 
1.09, -251.748250, 0.999023, -0.022705, 
1.10, -269.230740, 1.002686, -0.017090, 
1.11, -300.699280, 1.011719, -0.027344, 
1.12, -297.202790, 1.002197, -0.035645, 
1.13, -293.706270, 0.998291, -0.037842, 
1.14, -307.692290, 0.988037, -0.027588, 
1.15, -314.685300, 0.995850, -0.035400, 
1.16, -325.174800, 1.001709, -0.039795, 
1.17, -321.678310, 0.995117, -0.038818, 
1.18, -332.167820, 0.988037, -0.037598, 
1.19, -346.153840, 0.993652, -0.050781, 
1.20, -328.671330, 0.997559, -0.052490, 
1.21, -314.685300, 0.998535, -0.051025, 
1.22, -304.195800, 1.008545, -0.052246, 
1.23, -293.706270, 1.000977, -0.050781, 
1.24, -269.230740, 1.002686, -0.061279, 
1.25, -244.755230, 0.990723, -0.061279, 
1.26, -227.272720, 0.992432, -0.062256, 
1.27, -216.783200, 1.008789, -0.059082, 
1.28, -206.293700, 0.987793, -0.057373, 
1.29, -206.293700, 1.001709, -0.062256, 
1.30, -185.314680, 0.996338, -0.054443, 
1.31, -206.293700, 0.995605, -0.050049, 
1.32, -195.804180, 1.000000, -0.057373, 
1.33, -192.307680, 0.998291, -0.065186, 
1.34, -171.328660, 0.986572, -0.060547, 
1.35, -157.342650, 0.996338, -0.064697, 
1.36, -157.342650, 0.996826, -0.064941, 
1.37, -150.349640, 1.000977, -0.064941, 
1.38, -153.846150, 1.000732, -0.055664, 
1.39, -188.811170, 0.997070, -0.056641, 
1.40, -181.818180, 1.003906, -0.061523, 
1.41, -206.293700, 0.994629, -0.063477, 
1.42, -206.293700, 0.991455, -0.073730, 
1.43, -195.804180, 0.997070, -0.075195, 
1.44, -174.825160, 1.003662, -0.077148, 
1.45, -167.832150, 0.997803, -0.071533, 
1.46, -174.825160, 0.995117, -0.071045, 
1.47, -174.825160, 0.992188, -0.073486, 
1.48, -181.818180, 0.999756, -0.073730, 
1.49, -181.818180, 1.000977, -0.068359, 
1.50, -202.797200, 0.993408, -0.065674, 
1.51, -195.804180, 0.996826, -0.077393, 
1.52, -192.307680, 0.989014, -0.078613, 
1.53, -178.321670, 1.000488, -0.087891, 
1.54, -164.335660, 1.006592, -0.072266, 
1.55, -192.307680, 0.991943, -0.069824, 
1.56, -199.300690, 0.994629, -0.072510, 
1.57, -216.783200, 1.004395, -0.074707, 
1.58, -209.790210, 0.992920, -0.082520, 
1.59, -237.762220, 0.991455, -0.078613, 
1.60, -248.251740, 1.001465, -0.077881, 
1.61, -276.223750, 0.999268, -0.081543, 
1.62, -276.223750, 0.999268, -0.077637, 
1.63, -279.720280, 0.993164, -0.085693, 
1.64, -286.713290, 1.000732, -0.095703, 
1.65, -262.237760, 0.995605, -0.092773, 
1.66, -269.230740, 1.001465, -0.094238, 
1.67, -269.230740, 0.995850, -0.089844, 
1.68, -248.251740, 0.996582, -0.092041, 
1.69, -262.237760, 0.986328, -0.097900, 
1.70, -258.741240, 0.996582, -0.096680, 
1.71, -234.265720, 0.997314, -0.099854, 
1.72, -234.265720, 0.998779, -0.104248, 
1.73, -216.783200, 0.990479, -0.101074, 
1.74, -209.790210, 0.997314, -0.106689, 
1.75, -213.286700, 0.991455, -0.107422, 
1.76, -195.804180, 0.994385, -0.109131, 
1.77, -181.818180, 0.991211, -0.105225, 
1.78, -174.825160, 0.989014, -0.103760, 
1.79, -188.811170, 0.988770, -0.104004, 
1.80, -185.314680, 0.989258, -0.114014, 
1.81, -160.839160, 0.991699, -0.108643, 
1.82, -157.342650, 0.986328, -0.109375, 
1.83, -153.846150, 0.990234, -0.107910, 
1.84, -153.846150, 0.996338, -0.105713, 
1.85, -153.846150, 1.001221, -0.108398, 
1.86, -143.356640, 1.003906, -0.111328, 
1.87, -153.846150, 0.989258, -0.111084, 
1.88, -171.328660, 0.994385, -0.108398, 
1.89, -164.335660, 0.986572, -0.116455, 
1.90, -164.335660, 1.000488, -0.120605, 
1.91, -146.853130, 0.984131, -0.125000, 
1.92, -111.888110, 0.991699, -0.121826, 
1.93, -101.398600, 0.990479, -0.113281, 
1.94, -125.874120, 0.994873, -0.116943, 
1.95, -125.874120, 1.000244, -0.123047, 
1.96, -115.384610, 0.983643, -0.118896, 
1.97, -115.384610, 0.996094, -0.124512, 
1.98, -108.391600, 0.988770, -0.120361, 
1.99, -118.881110, 1.000244, -0.125000, 
2.00, -101.398600, 0.991455, -0.127441, 
2.01, -104.895100, 0.989746, -0.124756, 
2.02, -101.398600, 0.986816, -0.128174, 
2.03, -76.923073, 0.990234, -0.122803, 
2.04, -76.923073, 0.991943, -0.126221, 
2.05, -69.930069, 0.980713, -0.125244, 
2.06, -76.923073, 0.995361, -0.126221, 
2.07, -62.937061, 0.992676, -0.129150, 
2.08, -55.944054, 0.995850, -0.137695, 
2.09, -20.979019, 0.991211, -0.129150, 
2.10, -20.979019, 0.994385, -0.124268, 
2.11, -38.461536, 0.994141, -0.126953, 
2.12, -38.461536, 0.991455, -0.128906, 
2.13, -48.951046, 0.989502, -0.133301, 
2.14, -31.468531, 0.996094, -0.134521, 
2.15, -17.482517, 0.993408, -0.135986, 
2.16, -0.000000, 0.991943, -0.145752, 
2.17, 24.475523, 0.981934, -0.141846, 
2.18, 59.440556, 0.990234, -0.141846, 
2.19, 90.909088, 0.996826, -0.142334, 
2.20, 115.384610, 0.993408, -0.140625, 
2.21, 153.846150, 0.986572, -0.149170, 
2.22, 206.293700, 0.993408, -0.150635, 
2.23, 244.755230, 0.991943, -0.158936, 
2.24, 297.202790, 0.989014, -0.156982, 
2.25, 367.132840, 0.989990, -0.153076, 
2.26, 423.076900, 0.989502, -0.153320, 
2.27, 479.020970, 0.996826, -0.155518, 
2.28, 548.951050, 0.991455, -0.156738, 
2.29, 625.874080, 0.987549, -0.153809, 
2.30, 692.307680, 0.986084, -0.147461, 
2.31, 744.755190, 0.991943, -0.152100, 
2.32, 832.167790, 0.993408, -0.148682, 
2.33, 877.622310, 1.001709, -0.135986, 
2.34, 912.587340, 0.986084, -0.127686, 
2.35, 965.034910, 0.989258, -0.137695, 
2.36, 1020.978900, 0.992920, -0.134033, 
2.37, 1045.454500, 0.982178, -0.117188, 
2.38, 1073.426500, 1.002930, -0.110840, 
2.39, 1087.412600, 0.991211, -0.108154, 
2.40, 1101.398600, 0.989014, -0.102539, 
2.41, 1115.384500, 0.993408, -0.095459, 
2.42, 1094.405500, 0.994629, -0.092041, 
2.43, 1094.405500, 0.989258, -0.087891, 
2.44, 1087.412600, 0.987061, -0.082520, 
2.45, 1066.433500, 0.994629, -0.083984, 
2.46, 1048.951000, 0.989990, -0.077148, 
2.47, 1048.951000, 0.994873, -0.078125, 
2.48, 1048.951000, 0.998047, -0.074463, 
2.49, 1034.965000, 1.000000, -0.062256, 
2.50, 1038.461500, 1.006348, -0.063232, 
2.51, 1038.461500, 1.000488, -0.068359, 
2.52, 1024.475500, 0.999023, -0.063232, 
2.53, 1041.958000, 0.998779, -0.066162, 
2.54, 1041.958000, 0.992188, -0.063965, 
2.55, 1062.937000, 0.998535, -0.061035, 
2.56, 1083.916000, 0.997803, -0.057129, 
2.57, 1087.412600, 0.994629, -0.052490, 
2.58, 1104.895000, 0.991455, -0.055664, 
2.59, 1108.391600, 0.996094, -0.052002, 
2.60, 1122.377600, 0.987549, -0.049072, 
2.61, 1153.846100, 0.998047, -0.046143, 
2.62, 1153.846100, 0.999756, -0.044189, 
2.63, 1164.335600, 0.993408, -0.042480, 
2.64, 1202.797100, 0.999756, -0.041260, 
2.65, 1227.272700, 0.993408, -0.030518, 
2.66, 1241.258700, 1.006836, -0.024902, 
2.67, 1237.762200, 0.996582, -0.021729, 
2.68, 1244.755100, 0.998291, -0.015869, 
2.69, 1244.755100, 0.992676, -0.006592, 
2.70, 1244.755100, 0.991455, -0.017090, 
2.71, 1265.734300, 0.996826, -0.006348, 
2.72, 1269.230700, 1.000000, -0.001953, 
2.73, 1255.244800, 0.995117, 0.011719, 
2.74, 1244.755100, 0.999023, 0.020264, 
2.75, 1209.790200, 0.999756, 0.009766, 
2.76, 1188.811200, 0.995117, 0.017578, 
2.77, 1199.300700, 1.001465, 0.019043, 
2.78, 1181.818100, 0.992432, 0.026367, 
2.79, 1157.342700, 0.996826, 0.038330, 
2.80, 1132.867100, 0.999023, 0.037598, 
2.81, 1122.377600, 0.996826, 0.032227, 
2.82, 1094.405500, 1.001221, 0.053467, 
2.83, 1066.433500, 0.999512, 0.048096, 
2.84, 1031.468500, 0.990723, 0.040527, 
2.85, 1010.489400, 0.997803, 0.046387, 
2.86, 1006.993000, 1.001709, 0.051758, 
2.87, 996.503480, 1.004395, 0.054199, 
2.88, 965.034910, 1.001709, 0.057373, 
2.89, 944.055910, 1.005127, 0.052734, 
2.90, 937.062870, 0.987061, 0.060791, 
2.91, 930.069890, 0.998535, 0.060303, 
2.92, 909.090880, 0.996582, 0.057861, 
2.93, 912.587340, 0.983643, 0.064453, 
2.94, 895.104860, 0.990234, 0.070313, 
2.95, 888.111820, 0.989014, 0.058350, 
2.96, 895.104860, 0.985596, 0.067627, 
2.97, 902.097840, 1.002930, 0.074707, 
2.98, 912.587340, 0.996338, 0.074463, 
2.99, 898.601380, 0.995361, 0.069824, 
3.00, 923.076900, 1.002686, 0.065918, 
3.01, 933.566410, 0.999512, 0.066895, 
3.02, 986.013920, 0.990234, 0.067139, 
3.03, 1003.496500, 0.991455, 0.077148, 
3.04, 1010.489400, 0.986572, 0.097656, 
3.05, 999.999940, 0.973877, 0.109375, 
3.06, 902.097840, 1.018066, 0.158936, 
3.07, 825.174800, 1.000977, 0.087646, 
3.08, 849.650330, 0.997314, 0.113037, 
3.09, 804.195740, 0.987793, 0.107422, 
3.10, 793.706240, 0.995361, 0.112549, 
3.11, 769.230710, 0.988037, 0.104736, 
3.12, 821.678280, 0.983154, 0.068604, 
3.13, 905.594360, 1.001709, 0.078369, 
3.14, 947.552430, 0.998047, 0.105713, 
3.15, 944.055910, 0.988037, 0.116455, 
3.16, 940.559390, 0.997314, 0.122803, 
3.17, 930.069890, 0.997070, 0.113281, 
3.18, 951.048890, 0.995605, 0.100586, 
3.19, 1006.993000, 0.991211, 0.105713, 
3.20, 1059.440600, 0.988770, 0.098145, 
3.21, 1185.314600, 0.980469, 0.025391, 
3.22, 1335.664300, 0.995850, 0.095703, 
3.23, 1398.601300, 0.963867, 0.116943, 
3.24, 1444.055900, 0.984131, 0.117920, 
3.25, 1513.986000, 0.979492, 0.092285, 
3.26, 1615.384500, 0.989258, 0.117920, 
3.27, 1643.356600, 0.992676, 0.156494, 
3.28, 1590.909100, 0.985352, 0.181152, 
3.29, 1534.965000, 0.988525, 0.183838, 
3.30, 1486.013900, 0.988281, 0.182617, 
3.31, 1419.580300, 0.989746, 0.198975, 
3.32, 1349.650300, 0.980957, 0.200928, 
3.33, 1276.223800, 0.971436, 0.197510, 
3.34, 1258.741200, 0.986084, 0.146729, 
3.35, 1251.748200, 0.992188, 0.228760, 
3.36, 1129.370600, 0.976563, 0.232422, 
3.37, 1038.461500, 0.986572, 0.233398, 
3.38, 881.118840, 0.981934, 0.280762, 
3.39, 629.370610, 0.991211, 0.322510, 
3.40, 342.657320, 0.981201, 0.315430, 
3.41, 69.930069, 0.994629, 0.311279, 
3.42, -209.790210, 0.974854, 0.317627, 
3.43, -489.510470, 0.989502, 0.322266, 
3.44, -800.699280, 0.986572, 0.323730, 
3.45, -1069.930100, 0.978760, 0.302979, 
3.46, -1335.664300, 0.992920, 0.290283, 
3.47, -1594.405500, 0.985840, 0.275879, 
3.48, -1821.678200, 0.983643, 0.264893, 
3.49, -1999.999900, 0.985596, 0.231934, 
3.50, -2129.370600, 0.980225, 0.211426, 
3.51, -2230.769000, 0.988037, 0.187988, 
3.52, -2314.685300, 0.989746, 0.159668, 
3.53, -2328.671100, 0.988281, 0.139648, 
3.54, -2300.699200, 0.982666, 0.117188, 
3.55, -2307.692100, 0.983398, 0.146729, 
3.56, -2384.615200, 0.975098, 0.159912, 
3.57, -2486.013900, 0.980957, 0.156494, 
3.58, -2615.384500, 0.988525, 0.155273, 
3.59, -2741.258500, 0.977539, 0.150635, 
3.60, -2881.118700, 0.982422, 0.132324, 
3.61, -2986.013900, 0.987549, 0.105469, 
3.62, -3024.475300, 0.985596, 0.080078, 
3.63, -3087.412400, 0.981689, 0.094727, 
3.64, -3195.804000, 0.985596, 0.092041, 
3.65, -3283.216600, 0.985596, 0.060059, 
3.66, -3321.678200, 0.987549, 0.033936, 
3.67, -3283.216600, 0.982666, -0.018311, 
3.68, -3230.769000, 0.984131, 0.000977, 
3.69, -3244.755100, 0.986572, 0.006104, 
3.70, -3286.713100, 0.972168, -0.000977, 
3.71, -3297.202600, 0.983398, -0.023926, 
3.72, -3304.195600, 0.992920, -0.031494, 
3.73, -3360.139600, 0.973877, -0.033447, 
3.74, -3363.636200, 0.985352, -0.064453, 
3.75, -3370.629200, 0.993896, -0.072998, 
3.76, -3377.622300, 0.979004, -0.075928, 
3.77, -3402.097700, 0.966797, -0.083252, 
3.78, -3402.097700, 0.979248, -0.088135, 
3.79, -3430.069800, 0.976318, -0.093994, 
3.80, -3496.503400, 0.964355, -0.095703, 
3.81, -3555.943800, 0.981934, -0.118896, 
3.82, -3524.475300, 0.966309, -0.200439, 
3.83, -3398.601300, 0.968506, -0.204590, 
3.84, -3328.671100, 0.970215, -0.193359, 
3.85, -3248.251700, 0.964844, -0.219482, 
3.86, -3136.363500, 0.961914, -0.232178, 
3.87, -3059.440400, 0.955811, -0.207764, 
3.88, -3055.943800, 0.947510, -0.203125, 
3.89, -3048.950900, 0.953613, -0.207764, 
3.90, -3066.433300, 0.954346, -0.209473, 
3.91, -3101.398400, 0.949951, -0.230225, 
3.92, -3104.895000, 0.950928, -0.240234, 
3.93, -3097.901900, 0.953369, -0.253174, 
3.94, -3101.398400, 0.942139, -0.276123, 
3.95, -3041.958000, 0.941162, -0.304443, 
3.96, -2954.545400, 0.949219, -0.319824, 
3.97, -2884.615200, 0.947266, -0.321777, 
3.98, -2835.664300, 0.930664, -0.311035, 
3.99, -2807.692100, 0.932129, -0.300537, 
4.00, -2846.153800, 0.932373, -0.274902, 
4.01, -2947.552200, 0.926270, -0.274414, 
4.02, -3069.929900, 0.930176, -0.277832, 
4.03, -3195.804000, 0.928711, -0.288574, 
4.04, -3318.181600, 0.915039, -0.304443, 
4.05, -3412.587200, 0.900146, -0.333740, 
4.06, -3447.552200, 0.932373, -0.336914, 
4.07, -3604.895000, 0.841797, -0.410156, 
4.08, -3461.538300, 0.877686, -0.478027, 
4.09, -3321.678200, 0.933838, -0.442139, 
4.10, -3248.251700, 0.895508, -0.422119, 
4.11, -3251.748000, 0.878174, -0.401123, 
4.12, -3314.685100, 0.872803, -0.389160, 
4.13, -3430.069800, 0.872070, -0.385498, 
4.14, -3569.929900, 0.860352, -0.386475, 
4.15, -3713.286600, 0.873047, -0.406982, 
4.16, -3772.727100, 0.851318, -0.487305, 
4.17, -3671.328600, 0.845215, -0.546875, 
4.18, -3503.496300, 0.841553, -0.566162, 
4.19, -3307.692100, 0.850098, -0.600830, 
4.20, -3048.950900, 0.832275, -0.632813, 
4.21, -2804.195600, 0.846924, -0.610596, 
4.22, -2615.384500, 0.838623, -0.593994, 
4.23, -2447.552200, 0.828125, -0.578125, 
4.24, -2374.125700, 0.812500, -0.540771, 
4.25, -2381.118700, 0.801758, -0.536377, 
4.26, -2437.062700, 0.808105, -0.506348, 
4.27, -2510.489500, 0.800781, -0.540771, 
4.28, -2468.531300, 0.798096, -0.638916, 
4.29, -2199.300500, 0.803955, -0.739014, 
4.30, -1751.748200, 0.799805, -0.792480, 
4.31, -1185.314600, 0.810791, -0.875244, 
4.32, -447.552430, 0.811768, -0.910400, 
4.33, 304.195800, 0.813721, -0.887207, 
4.34, 951.048890, 0.804443, -0.832275, 
4.35, 1517.482400, 0.802002, -0.806885, 
4.36, 2013.986000, 0.807129, -0.771973, 
4.37, 2475.524400, 0.816162, -0.752686, 
4.38, 2912.587200, 0.797607, -0.737305, 
4.39, 3307.692100, 0.810303, -0.722412, 
4.40, 3713.286600, 0.805420, -0.701172, 
4.41, 4080.419400, 0.805420, -0.709717, 
4.42, 4513.985800, 0.813965, -0.723145, 
4.43, 4958.041500, 0.810547, -0.679199, 
4.44, 5346.153800, 0.821533, -0.654541, 
4.45, 5692.307600, 0.828613, -0.614502, 
4.46, 5954.545400, 0.831299, -0.568604, 
4.47, 6143.356400, 0.836426, -0.498291, 
4.48, 6223.775900, 0.850830, -0.449707, 
4.49, 6209.790000, 0.847656, -0.401855, 
4.50, 6143.356400, 0.864990, -0.351563, 
4.51, 6024.475100, 0.868896, -0.333496, 
4.52, 5930.069800, 0.877197, -0.350586, 
4.53, 5930.069800, 0.885254, -0.367432, 
4.54, 5944.055700, 0.891113, -0.350098, 
4.55, 6013.985800, 0.893799, -0.367432, 
4.56, 6132.866700, 0.907715, -0.349365, 
4.57, 6202.796900, 0.908447, -0.278564, 
4.58, 6143.356400, 0.924805, -0.218994, 
4.59, 6041.957500, 0.908447, -0.208252, 
4.60, 5944.055700, 0.923340, -0.180420, 
4.61, 5825.174300, 0.937988, -0.143555, 
4.62, 5601.398400, 0.938477, -0.094727, 
4.63, 5363.636200, 0.951904, -0.080078, 
4.64, 5108.391600, 0.959717, -0.062988, 
4.65, 4940.559100, 0.940674, -0.158447, 
4.66, 5094.405300, 0.960205, -0.224609, 
4.67, 5244.754900, 0.954834, -0.173828, 
4.68, 5367.132800, 0.960449, -0.136230, 
4.69, 5384.615200, 0.967529, -0.090820, 
4.70, 5377.622100, 0.955322, -0.058350, 
4.71, 5332.167500, 0.959229, -0.040283, 
4.72, 5318.181600, 0.958008, -0.038330, 
4.73, 5290.209500, 0.967041, -0.006836, 
4.74, 5209.790000, 0.962402, 0.015381, 
4.75, 5209.790000, 0.953369, -0.021484, 
4.76, 5279.720200, 0.953857, -0.004150, 
4.77, 5311.188500, 0.961914, 0.022705, 
4.78, 5346.153800, 0.959473, 0.031738, 
4.79, 5391.607900, 0.957520, 0.045166, 
4.80, 5451.048800, 0.970459, 0.065186, 
4.81, 5461.538100, 0.959229, 0.091064, 
4.82, 5465.034700, 0.952881, 0.111572, 
4.83, 5472.027800, 0.952637, 0.125977, 
4.84, 5468.531300, 0.947021, 0.154541, 
4.85, 5402.097700, 0.943848, 0.193848, 
4.86, 5321.678200, 0.941650, 0.224365, 
4.87, 5192.307600, 0.947754, 0.256104, 
4.88, 5080.419400, 0.958008, 0.248291, 
4.89, 4989.510300, 0.947510, 0.263672, 
4.90, 4832.167500, 0.942871, 0.339600, 
4.91, 4580.419400, 0.939209, 0.365723, 
4.92, 4307.691900, 0.939697, 0.356201, 
4.93, 4153.846200, 0.924316, 0.324951, 
4.94, 4052.447300, 0.936768, 0.309814, 
4.95, 4045.454300, 0.947754, 0.268311, 
4.96, 4220.279300, 0.917480, 0.194580, 
4.97, 4510.489300, 0.922119, 0.187988, 
4.98, 4828.670900, 0.908936, 0.197998, 
4.99, 5087.412100, 0.906982, 0.283447, 
5.00, 5188.811000, 0.908691, 0.349365, 
5.01, 5164.335400, 0.892822, 0.402588, 
5.02, 5094.405300, 0.877197, 0.435791, 
5.03, 4965.034700, 0.893311, 0.469727, 
5.04, 4765.733900, 0.882568, 0.511963, 
5.05, 4562.937000, 0.880615, 0.533936, 
5.06, 4346.153800, 0.873535, 0.527832, 
5.07, 4164.335400, 0.864258, 0.518066, 
5.08, 4020.978800, 0.854248, 0.526367, 
5.09, 3916.083700, 0.833252, 0.513428, 
5.10, 3909.090800, 0.845947, 0.509277, 
5.11, 3839.160600, 0.871094, 0.540527, 
5.12, 3685.314500, 0.851563, 0.555176, 
5.13, 3559.440400, 0.841064, 0.571533, 
5.14, 3426.573200, 0.840820, 0.593750, 
5.15, 3237.762200, 0.834229, 0.612793, 
5.16, 3059.440400, 0.837402, 0.626221, 
5.17, 2863.636200, 0.817383, 0.631836, 
5.18, 2706.293700, 0.805176, 0.605469, 
5.19, 2678.321500, 0.798340, 0.573486, 
5.20, 2657.342500, 0.843750, 0.578613, 
5.21, 2608.391600, 0.809082, 0.574219, 
5.22, 2625.874000, 0.781250, 0.550293, 
5.23, 2737.762200, 0.796143, 0.552734, 
5.24, 2804.195600, 0.804443, 0.562012, 
5.25, 2856.643300, 0.796631, 0.582275, 
5.26, 2853.146700, 0.768066, 0.620117, 
5.27, 2762.237500, 0.789551, 0.667480, 
5.28, 2671.328600, 0.762939, 0.665771, 
5.29, 2552.447500, 0.770752, 0.663330, 
5.30, 2496.503400, 0.764160, 0.654297, 
5.31, 2451.048800, 0.763428, 0.665039, 
5.32, 2360.139600, 0.765869, 0.693604, 
5.33, 2227.272700, 0.749512, 0.708496, 
5.34, 2083.916000, 0.753174, 0.717285, 
5.35, 1937.062900, 0.749756, 0.717773, 
5.36, 1832.167700, 0.740479, 0.711182, 
5.37, 1695.804100, 0.740967, 0.729004, 
5.38, 1520.979000, 0.739258, 0.759277, 
5.39, 1283.216700, 0.744141, 0.781982, 
5.40, 1013.986000, 0.733643, 0.781982, 
5.41, 730.769230, 0.732910, 0.804688, 
5.42, 412.587400, 0.725098, 0.814209, 
5.43, 80.419579, 0.729004, 0.849365, 
5.44, -388.111880, 0.741943, 0.884766, 
5.45, -867.132810, 0.728516, 0.875000, 
5.46, -1311.188700, 0.737793, 0.860596, 
5.47, -1748.251700, 0.739258, 0.859131, 
5.48, -2206.293700, 0.737793, 0.877197, 
5.49, -2709.790000, 0.755859, 0.859863, 
5.50, -3213.286600, 0.751953, 0.841553, 
5.51, -3657.342500, 0.765869, 0.842529, 
5.52, -4069.929900, 0.755127, 0.809082, 
5.53, -4454.545400, 0.751221, 0.767578, 
5.54, -4758.741200, 0.746582, 0.754395, 
5.55, -5094.405300, 0.757568, 0.714844, 
5.56, -5325.174800, 0.766602, 0.637207, 
5.57, -5377.622100, 0.777588, 0.577637, 
5.58, -5398.601100, 0.793457, 0.584229, 
5.59, -5493.006800, 0.803467, 0.600586, 
5.60, -5713.286600, 0.809570, 0.631592, 
5.61, -5986.013700, 0.817383, 0.649902, 
5.62, -6353.146500, 0.803223, 0.674561, 
5.63, -6744.754900, 0.817871, 0.663574, 
5.64, -7188.811000, 0.831787, 0.614014, 
5.65, -7527.971700, 0.816406, 0.550537, 
5.66, -7744.754900, 0.834961, 0.497314, 
5.67, -7891.607900, 0.834229, 0.422119, 
5.68, -7884.615200, 0.840576, 0.344238, 
5.69, -7734.265100, 0.836670, 0.267578, 
5.70, -7555.943800, 0.873291, 0.246094, 
5.71, -7412.586900, 0.877930, 0.235107, 
5.72, -7167.832000, 0.891602, 0.153076, 
5.73, -6975.523900, 0.894775, 0.225830, 
5.74, -6961.538100, 0.906738, 0.254639, 
5.75, -6986.013700, 0.910889, 0.201904, 
5.76, -6937.062500, 0.918457, 0.180420, 
5.77, -6930.069800, 0.914551, 0.182373, 
5.78, -6839.160600, 0.907471, 0.145264, 
5.79, -6793.706100, 0.939941, 0.101074, 
5.80, -6832.167500, 0.917969, 0.067627, 
5.81, -6674.824700, 0.927979, 0.076416, 
5.82, -6678.321300, 0.925049, 0.077148, 
5.83, -6674.824700, 0.927490, 0.030029, 
5.84, -6664.335400, 0.949951, -0.000244, 
5.85, -6604.895000, 0.945068, -0.035645, 
5.86, -6437.062500, 0.958008, -0.047852, 
5.87, -6332.167500, 0.945801, -0.056396, 
5.88, -6258.740700, 0.930908, -0.064697, 
5.89, -6171.328600, 0.945557, -0.126709, 
5.90, -6038.461400, 0.948975, -0.146240, 
5.91, -5923.076700, 0.939453, -0.140625, 
5.92, -5870.628900, 0.946289, -0.129883, 
5.93, -5884.615200, 0.940918, -0.116699, 
5.94, -5968.531300, 0.933838, -0.123779, 
5.95, -6013.985800, 0.926758, -0.162354, 
5.96, -6041.957500, 0.926514, -0.190918, 
5.97, -6048.950700, 0.914063, -0.230713, 
5.98, -5979.020500, 0.935547, -0.252441, 
5.99, -5937.062500, 0.920410, -0.295654, 
6.00, -5828.670900, 0.892822, -0.282715, 
6.01, -5867.132800, 0.920898, -0.240723, 
6.02, -5954.545400, 0.877197, -0.286621, 
6.03, -5919.580100, 0.903076, -0.365723, 
6.04, -5849.649900, 0.903809, -0.363281, 
6.05, -5828.670900, 0.887451, -0.339111, 
6.06, -5877.622100, 0.869873, -0.349609, 
6.07, -5891.607900, 0.879150, -0.426025, 
6.08, -5839.160600, 0.849609, -0.462891, 
6.09, -5734.265600, 0.860596, -0.439453, 
6.10, -5716.782700, 0.850342, -0.452637, 
6.11, -5688.811000, 0.829346, -0.469971, 
6.12, -5597.901900, 0.846680, -0.535889, 
6.13, -5416.083500, 0.820068, -0.542725, 
6.14, -5318.181600, 0.807373, -0.531738, 
6.15, -5262.237300, 0.809082, -0.546387, 
6.16, -5132.866700, 0.800049, -0.602539, 
6.17, -4937.062500, 0.807861, -0.648438, 
6.18, -4688.811000, 0.796143, -0.658203, 
6.19, -4465.034700, 0.781982, -0.639893, 
6.20, -4293.706100, 0.769775, -0.633057, 
6.21, -4111.887700, 0.774414, -0.681641, 
6.22, -3863.636200, 0.775635, -0.708252, 
6.23, -3639.859900, 0.770996, -0.663330, 
6.24, -3538.461400, 0.752441, -0.649658, 
6.25, -3458.041700, 0.745361, -0.678467, 
6.26, -3286.713100, 0.761475, -0.705811, 
6.27, -3094.405500, 0.737061, -0.725830, 
6.28, -2891.608200, 0.749023, -0.715820, 
6.29, -2737.762200, 0.727783, -0.737549, 
6.30, -2506.992900, 0.727539, -0.761475, 
6.31, -2276.223600, 0.720947, -0.761719, 
6.32, -2066.433300, 0.717529, -0.752441, 
6.33, -1849.650300, 0.716553, -0.774902, 
6.34, -1646.853000, 0.722656, -0.752930, 
6.35, -1472.028000, 0.703125, -0.752441, 
6.36, -1258.741200, 0.699951, -0.809326, 
6.37, -923.076900, 0.718262, -0.841797, 
6.38, -503.496490, 0.693115, -0.902588, 
6.39, 3.496503, 0.707031, -0.918213, 
6.40, 548.951050, 0.702148, -0.934326, 
6.41, 1090.909100, 0.707031, -0.901367, 
6.42, 1555.944000, 0.707520, -0.893799, 
6.43, 2038.461400, 0.701904, -0.877197, 
6.44, 2503.496300, 0.712646, -0.884766, 
6.45, 3013.985800, 0.715332, -0.883301, 
6.46, 3513.985800, 0.704834, -0.884766, 
6.47, 4038.461400, 0.729492, -0.887695, 
6.48, 4587.412600, 0.722656, -0.890625, 
6.49, 5160.838900, 0.714111, -0.881348, 
6.50, 5702.796900, 0.731201, -0.831299, 
6.51, 6125.874000, 0.733154, -0.755127, 
6.52, 6461.538100, 0.732910, -0.722412, 
6.53, 6744.754900, 0.748779, -0.695801, 
6.54, 7041.957500, 0.751953, -0.682617, 
6.55, 7328.670900, 0.773682, -0.651855, 
6.56, 7576.922900, 0.768555, -0.622070, 
6.57, 7811.188500, 0.766113, -0.590576, 
6.58, 7968.531300, 0.784912, -0.532227, 
6.59, 8073.426300, 0.798340, -0.502686, 
6.60, 8041.957500, 0.812988, -0.364502, 
6.61, 7989.510300, 0.819580, -0.417725, 
6.62, 7986.013700, 0.856445, -0.364746, 
6.63, 7811.188500, 0.848633, -0.285400, 
6.64, 7531.468300, 0.843506, -0.205811, 
6.65, 7185.314500, 0.880371, -0.240234, 
6.66, 7024.475100, 0.880371, -0.300293, 
6.67, 7101.398400, 0.867676, -0.404053, 
6.68, 7318.181600, 0.910156, -0.319580, 
6.69, 7472.027800, 0.888428, -0.358398, 
6.70, 7734.265100, 0.875488, -0.383545, 
6.71, 8041.957500, 0.866943, -0.336182, 
6.72, 8339.160200, 0.911377, -0.228516, 
6.73, 8223.775400, 0.921631, 0.031738, 
6.74, 7744.754900, 0.874023, 0.051514, 
6.75, 7524.475100, 0.949951, -0.090332, 
6.76, 7531.468300, 0.917480, -0.121338, 
6.77, 7611.887700, 0.946289, -0.072998, 
6.78, 7569.929700, 0.914795, 0.013428, 
6.79, 7398.601100, 0.911377, 0.085938, 
6.80, 7122.377400, 0.929199, 0.119629, 
6.81, 6853.146500, 0.928223, 0.126709, 
6.82, 6611.887700, 0.954834, 0.143799, 
6.83, 6412.586900, 0.948730, 0.136719, 
6.84, 6248.251500, 0.932617, 0.123047, 
6.85, 6153.845700, 0.942139, 0.125244, 
6.86, 6132.866700, 0.954102, 0.112793, 
6.87, 6143.356400, 0.947021, 0.128662, 
6.88, 6143.356400, 0.951172, 0.148193, 
6.89, 6090.908700, 0.927979, 0.213867, 
6.90, 5954.545400, 0.930664, 0.258545, 
6.91, 5804.195300, 0.940674, 0.272461, 
6.92, 5664.335400, 0.931641, 0.259033, 
6.93, 5604.895000, 0.922852, 0.241211, 
6.94, 5608.391100, 0.918945, 0.252197, 
6.95, 5611.887700, 0.916504, 0.271484, 
6.96, 5583.916000, 0.914795, 0.315918, 
6.97, 5486.013700, 0.902832, 0.353027, 
6.98, 5388.111800, 0.904297, 0.371094, 
6.99, 5258.741200, 0.904785, 0.392090, 
7.00, 5118.880900, 0.910400, 0.401855, 
7.01, 4993.006800, 0.906982, 0.417725, 
7.02, 4832.167500, 0.901123, 0.457275, 
7.03, 4611.887700, 0.891357, 0.476074, 
7.04, 4423.076700, 0.899902, 0.488281, 
7.05, 4223.775900, 0.898682, 0.509766, 
7.06, 3961.538300, 0.896729, 0.581543, 
7.07, 3548.950900, 0.882568, 0.636230, 
7.08, 3066.433300, 0.887207, 0.667725, 
7.09, 2520.979000, 0.885986, 0.671875, 
7.10, 2034.965000, 0.897949, 0.657959, 
7.11, 1583.916000, 0.879883, 0.644287, 
7.12, 1167.832200, 0.875977, 0.635254, 
7.13, 797.202760, 0.895996, 0.620850, 
7.14, 451.048920, 0.888916, 0.610840, 
7.15, 115.384610, 0.880859, 0.614746, 
7.16, -195.804180, 0.881592, 0.592529, 
7.17, -482.517460, 0.881592, 0.578369, 
7.18, -734.265690, 0.885254, 0.572510, 
7.19, -975.524410, 0.893066, 0.550781, 
7.20, -1188.811200, 0.893555, 0.540283, 
7.21, -1363.636400, 0.882080, 0.503906, 
7.22, -1444.055900, 0.879395, 0.475830, 
7.23, -1489.510400, 0.895508, 0.453857, 
7.24, -1472.028000, 0.907715, 0.418945, 
7.25, -1395.104900, 0.900879, 0.383545, 
7.26, -1262.237700, 0.898193, 0.347412, 
7.27, -1038.461500, 0.901367, 0.321289, 
7.28, -744.755190, 0.903564, 0.289551, 
7.29, -402.097870, 0.903320, 0.273926, 
7.30, -48.951046, 0.902100, 0.262939, 
7.31, 349.650330, 0.905273, 0.254639, 
7.32, 727.272710, 0.893555, 0.257324, 
7.33, 1101.398600, 0.911377, 0.261230, 
7.34, 1475.524400, 0.888184, 0.283447, 
7.35, 1793.706200, 0.881592, 0.307861, 
7.36, 2094.405500, 0.881104, 0.314453, 
7.37, 2409.090800, 0.876953, 0.326660, 
7.38, 2695.804000, 0.883301, 0.342041, 
7.39, 2926.573200, 0.887695, 0.353516, 
7.40, 3150.349600, 0.879883, 0.376465, 
7.41, 3332.167700, 0.854980, 0.412354, 
7.42, 3458.041700, 0.850342, 0.451172, 
7.43, 3486.013900, 0.860107, 0.493164, 
7.44, 3430.069800, 0.847900, 0.552246, 
7.45, 3258.741200, 0.844727, 0.604736, 
7.46, 2982.517300, 0.855225, 0.660400, 
7.47, 2611.887900, 0.852783, 0.703857, 
7.48, 2160.839100, 0.836670, 0.743164, 
7.49, 1657.342500, 0.842041, 0.762451, 
7.50, 1108.391600, 0.840820, 0.787109, 
7.51, 517.482480, 0.843750, 0.800537, 
7.52, -108.391600, 0.846924, 0.818848, 
7.53, -765.734250, 0.840332, 0.823975, 
7.54, -1426.573400, 0.840332, 0.829102, 
7.55, -2097.902100, 0.841553, 0.814697, 
7.56, -2751.748000, 0.851318, 0.811523, 
7.57, -3419.580300, 0.838379, 0.791748, 
7.58, -4031.468300, 0.839111, 0.736084, 
7.59, -4503.496100, 0.847168, 0.676270, 
7.60, -4912.587400, 0.845703, 0.635742, 
7.61, -5227.272500, 0.834961, 0.582275, 
7.62, -5486.013700, 0.837891, 0.567383, 
7.63, -5779.720200, 0.854248, 0.578125, 
7.64, -6118.880900, 0.861816, 0.576904, 
7.65, -6520.978500, 0.852539, 0.562012, 
7.66, -6713.286600, 0.854492, 0.492188, 
7.67, -6954.544900, 0.857178, 0.407959, 
7.68, -7048.950700, 0.877930, 0.341064, 
7.69, -7013.985800, 0.879883, 0.270508, 
7.70, -6709.790000, 0.880371, 0.188477, 
7.71, -6597.901900, 0.910889, 0.191895, 
7.72, -6479.020500, 0.904785, 0.265381, 
7.73, -6499.999500, 0.919922, 0.255859, 
7.74, -6590.908700, 0.916504, 0.238281, 
7.75, -6653.845700, 0.910889, 0.231201, 
7.76, -6688.811000, 0.918945, 0.215088, 
7.77, -6681.817900, 0.913818, 0.169189, 
7.78, -6681.817900, 0.915283, 0.142334, 
7.79, -6681.817900, 0.939453, 0.123291, 
7.80, -6681.817900, 0.922119, 0.102783, 
7.81, -6681.817900, 0.932861, 0.067871, 
7.82, -6636.363300, 0.947266, -0.002197, 
7.83, -6409.090800, 0.949463, -0.020020, 
7.84, -6363.636200, 0.941406, 0.031982, 
7.85, -6465.034700, 0.942139, 0.042236, 
7.86, -6566.433100, 0.934814, -0.039063, 
7.87, -6479.020500, 0.952881, -0.044189, 
7.88, -6468.531300, 0.935059, -0.043945, 
7.89, -6611.887700, 0.942871, -0.060547, 
7.90, -6573.426300, 0.920654, -0.115723, 
7.91, -6458.041500, 0.914551, -0.164063, 
7.92, -6475.524400, 0.937500, -0.141602, 
7.93, -6426.573200, 0.952881, -0.158203, 
7.94, -6381.118700, 0.915771, -0.239258, 
7.95, -6272.727100, 0.934570, -0.232178, 
7.96, -6230.769000, 0.912598, -0.220215, 
7.97, -6192.307600, 0.917725, -0.268555, 
7.98, -6101.398400, 0.915039, -0.311035, 
7.99, -5947.552200, 0.901611, -0.333496, 
8.00, -5807.691900, 0.895508, -0.349365, 
8.01, -5688.811000, 0.893066, -0.348633, 
8.02, -5604.895000, 0.899414, -0.346191, 
8.03, -5566.433100, 0.888672, -0.324463, 
8.04, -5650.349600, 0.891846, -0.314453, 
8.05, -5727.272500, 0.880371, -0.352051, 
8.06, -5727.272500, 0.866699, -0.419678, 
8.07, -5618.880900, 0.894775, -0.452881, 
8.08, -5615.384300, 0.829102, -0.469727, 
8.09, -5377.622100, 0.844238, -0.574951, 
8.10, -5020.979000, 0.843018, -0.609863, 
8.11, -4646.853000, 0.843994, -0.646973, 
8.12, -4171.328600, 0.849609, -0.617920, 
8.13, -3940.559300, 0.817871, -0.543701, 
8.14, -3856.643100, 0.829102, -0.511475, 
8.15, -3835.664100, 0.827637, -0.521484, 
8.16, -3765.734100, 0.818115, -0.574219, 
8.17, -3555.943800, 0.833496, -0.643066, 
8.18, -3293.706100, 0.818604, -0.651855, 
8.19, -3031.468500, 0.816162, -0.671631, 
8.20, -2706.293700, 0.808838, -0.698730, 
8.21, -2381.118700, 0.813477, -0.710449, 
8.22, -2006.992900, 0.807861, -0.733643, 
8.23, -1587.412500, 0.806641, -0.780518, 
8.24, -1055.944000, 0.797119, -0.791016, 
8.25, -587.412540, 0.802490, -0.773193, 
8.26, -146.853130, 0.806641, -0.762695, 
8.27, 265.734250, 0.799316, -0.748291, 
8.28, 618.881100, 0.812988, -0.719727, 
8.29, 951.048890, 0.796875, -0.713867, 
8.30, 1251.748200, 0.794189, -0.697998, 
8.31, 1381.118800, 0.815674, -0.627197, 
8.32, 1541.958000, 0.796875, -0.621094, 
8.33, 1709.790200, 0.815918, -0.617676, 
8.34, 1818.181800, 0.815918, -0.598633, 
8.35, 1863.636200, 0.816650, -0.564697, 
8.36, 1898.601300, 0.818604, -0.571045, 
8.37, 1951.048800, 0.827148, -0.564209, 
8.38, 1961.538300, 0.815186, -0.542480, 
8.39, 1912.587300, 0.843750, -0.494385, 
8.40, 1804.195700, 0.835693, -0.465088, 
8.41, 1744.755100, 0.806641, -0.501221, 
8.42, 1479.020900, 0.854492, -0.358887, 
8.43, 1139.860100, 0.846924, -0.381104, 
8.44, 807.692260, 0.849121, -0.370605, 
8.45, 430.069920, 0.868652, -0.337891, 
8.46, 17.482517, 0.836914, -0.319580, 
8.47, -444.055910, 0.847900, -0.324707, 
8.48, -839.160830, 0.837891, -0.370850, 
8.49, -1104.895000, 0.856201, -0.436279, 
8.50, -1307.692300, 0.848877, -0.443115, 
8.51, -1531.468500, 0.831787, -0.424316, 
8.52, -1814.685200, 0.834961, -0.397217, 
8.53, -2118.881100, 0.835693, -0.423584, 
8.54, -2374.125700, 0.827148, -0.456543, 
8.55, -2545.454300, 0.812744, -0.489502, 
8.56, -2671.328600, 0.812500, -0.515869, 
8.57, -2758.741200, 0.803223, -0.530762, 
8.58, -2821.678200, 0.798340, -0.544678, 
8.59, -2881.118700, 0.796143, -0.567627, 
8.60, -2926.573200, 0.777588, -0.580811, 
8.61, -2919.580300, 0.771973, -0.600830, 
8.62, -2860.139600, 0.774414, -0.641113, 
8.63, -2762.237500, 0.770996, -0.680176, 
8.64, -2566.433300, 0.770752, -0.708496, 
8.65, -2307.692100, 0.756836, -0.753906, 
8.66, -1968.531400, 0.747559, -0.814697, 
8.67, -1499.999900, 0.762207, -0.869385, 
8.68, -874.125850, 0.757813, -0.925537, 
8.69, -199.300690, 0.745850, -0.930420, 
8.70, 493.006960, 0.751709, -0.945557, 
8.71, 1234.265600, 0.741943, -0.947998, 
8.72, 1947.552400, 0.747559, -0.930664, 
8.73, 2555.943800, 0.760254, -0.825195, 
8.74, 2975.524400, 0.753662, -0.777100, 
8.75, 3314.685100, 0.755371, -0.723877, 
8.76, 3562.937000, 0.762695, -0.707764, 
8.77, 3779.720200, 0.773926, -0.680908, 
8.78, 3951.048800, 0.787109, -0.656982, 
8.79, 4104.895000, 0.774414, -0.642578, 
8.80, 4255.244600, 0.791260, -0.625488, 
8.81, 4388.111800, 0.808350, -0.618164, 
8.82, 4548.950700, 0.799072, -0.611328, 
8.83, 4702.796900, 0.808594, -0.616943, 
8.84, 4923.076700, 0.807617, -0.612305, 
8.85, 5104.895000, 0.826904, -0.585205, 
8.86, 5283.216300, 0.828613, -0.539063, 
8.87, 5353.146500, 0.823486, -0.510254, 
8.88, 5395.104500, 0.833496, -0.481445, 
8.89, 5475.524400, 0.837891, -0.491943, 
8.90, 5576.922900, 0.862305, -0.472412, 
8.91, 5657.342300, 0.857910, -0.455322, 
8.92, 5751.748000, 0.864990, -0.441162, 
8.93, 5797.202600, 0.871094, -0.401611, 
8.94, 5776.223600, 0.880615, -0.352295, 
8.95, 5706.293500, 0.885742, -0.312744, 
8.96, 5555.943800, 0.899414, -0.265381, 
8.97, 5370.628900, 0.901611, -0.255127, 
8.98, 5188.811000, 0.903809, -0.249512, 
8.99, 5045.454100, 0.929932, -0.244873, 
9.00, 4947.552200, 0.927002, -0.272217, 
9.01, 4940.559100, 0.927246, -0.300537, 
9.02, 5013.985800, 0.921387, -0.297852, 
9.03, 5104.895000, 0.930420, -0.277588, 
9.04, 5143.356400, 0.945313, -0.238281, 
9.05, 5164.335400, 0.932861, -0.210205, 
9.06, 5129.370600, 0.934814, -0.182129, 
9.07, 5066.433100, 0.943848, -0.155273, 
9.08, 5017.482400, 0.952881, -0.158691, 
9.09, 4986.013700, 0.957764, -0.136963, 
9.10, 4926.573200, 0.957275, -0.113770, 
9.11, 4853.146500, 0.961182, -0.089844, 
9.12, 4779.720200, 0.966553, -0.088623, 
9.13, 4744.754900, 0.964111, -0.093994, 
9.14, 4744.754900, 0.961426, -0.110107, 
9.15, 4839.160600, 0.959961, -0.125977, 
9.16, 4968.531300, 0.973633, -0.106934, 
9.17, 5041.958000, 0.954590, -0.047363, 
9.18, 5017.482400, 0.972168, 0.016846, 
9.19, 4902.097700, 0.966309, 0.048584, 
9.20, 4744.754900, 0.969238, 0.078857, 
9.21, 4576.922900, 0.974121, 0.075195, 
9.22, 4454.545400, 0.978271, 0.069580, 
9.23, 4384.615200, 0.973877, 0.079346, 
9.24, 4304.195800, 0.978516, 0.092285, 
9.25, 4230.769000, 0.980225, 0.088135, 
9.26, 4174.825200, 0.971191, 0.116211, 
9.27, 4090.908900, 0.977295, 0.126221, 
9.28, 3993.006800, 0.974854, 0.151367, 
9.29, 3895.104700, 0.976318, 0.155029, 
9.30, 3842.657200, 0.961182, 0.128662, 
9.31, 3828.671100, 0.975830, 0.166504, 
9.32, 3709.790000, 0.970703, 0.228760, 
9.33, 3517.482400, 0.968750, 0.236572, 
9.34, 3367.132800, 0.976318, 0.213379, 
9.35, 3283.216600, 0.981201, 0.208008, 
9.36, 3237.762200, 0.967773, 0.223633, 
9.37, 3160.839100, 0.979980, 0.243164, 
9.38, 3031.468500, 0.965332, 0.263184, 
9.39, 2874.125700, 0.966553, 0.301270, 
9.40, 2625.874000, 0.961182, 0.359863, 
9.41, 2307.692100, 0.968506, 0.362793, 
9.42, 1993.007000, 0.969238, 0.364502, 
9.43, 1702.797100, 0.973633, 0.371094, 
9.44, 1416.083900, 0.953857, 0.368408, 
9.45, 1104.895000, 0.971191, 0.393799, 
9.46, 748.251710, 0.974854, 0.416992, 
9.47, 353.146850, 0.967285, 0.426514, 
9.48, -41.958038, 0.969482, 0.413818, 
9.49, -370.629360, 0.979492, 0.406738, 
9.50, -744.755190, 0.966553, 0.399902, 
9.51, -1062.937000, 0.973877, 0.378662, 
9.52, -1370.629300, 0.968994, 0.346924, 
9.53, -1660.839100, 0.982178, 0.384521, 
9.54, -2013.986000, 0.969971, 0.383301, 
9.55, -2349.650100, 0.964111, 0.356934, 
9.56, -2622.377400, 0.958008, 0.325195, 
9.57, -2849.650100, 0.964355, 0.302734, 
9.58, -3087.412400, 0.971680, 0.306885, 
9.59, -3286.713100, 0.963135, 0.259766, 
9.60, -3447.552200, 0.973389, 0.239990, 
9.61, -3604.895000, 0.973389, 0.236328, 
9.62, -3765.734100, 0.967041, 0.229980, 
9.63, -3944.055700, 0.966064, 0.234619, 
9.64, -4150.349600, 0.980225, 0.227539, 
9.65, -4402.097700, 0.974365, 0.225342, 
9.66, -4622.377400, 0.960205, 0.189697, 
9.67, -4800.699200, 0.979248, 0.140137, 
9.68, -4895.104500, 0.964844, 0.100098, 
9.69, -4951.048800, 0.955322, 0.077637, 
9.70, -4968.531300, 0.953369, 0.049316, 
9.71, -4989.510300, 0.971436, 0.031494, 
9.72, -5000.000000, 0.971436, 0.025879, 
9.73, -5013.985800, 0.956299, 0.012207, 
9.74, -5045.454100, 0.970459, -0.007568, 
9.75, -5048.950700, 0.968018, -0.052002, 
9.76, -4989.510300, 0.971436, -0.104980, 
9.77, -4818.181600, 0.954834, -0.147461, 
9.78, -4608.391600, 0.970215, -0.169189, 
9.79, -4405.594200, 0.967285, -0.181641, 
9.80, -4241.258300, 0.963379, -0.150635, 
9.81, -4181.817900, 0.966309, -0.127441, 
9.82, -4192.307600, 0.966309, -0.114014, 
9.83, -4237.762200, 0.960449, -0.124023, 
9.84, -4293.706100, 0.957764, -0.139160, 
9.85, -4325.174800, 0.958740, -0.147705, 
9.86, -4367.132800, 0.953369, -0.171387, 
9.87, -4384.615200, 0.941162, -0.209473, 
9.88, -4335.664100, 0.951416, -0.250000, 
9.89, -4230.769000, 0.934570, -0.271973, 
9.90, -4118.880900, 0.945313, -0.299072, 
9.91, -3947.552200, 0.939697, -0.379639, 
9.92, -3552.447300, 0.937256, -0.511475, 
9.93, -2828.671100, 0.958740, -0.685791, 
9.94, -1800.699200, 0.927979, -0.767090, 
9.95, -594.405580, 0.964844, -0.793457, 
9.96, 531.468510, 0.945557, -0.765137, 
9.97, 1513.986000, 0.934570, -0.634521, 
9.98, 2220.279500, 0.962891, -0.510498, 
9.99, 2653.845900, 0.939941, -0.413818, 
10.00, 2944.055900, 0.948730, -0.349609, 
10.01, 3083.916000, 0.948975, -0.308594, 
10.02, 3202.797100, 0.953369, -0.284180, 
10.03, 3290.209700, 0.958252, -0.274658, 
10.04, 3402.097700, 0.952148, -0.280029, 
10.05, 3555.943800, 0.948486, -0.300537, 
10.06, 3790.209700, 0.962891, -0.307617, 
10.07, 4062.936800, 0.955811, -0.311768, 
10.08, 4335.664100, 0.955078, -0.294678, 
10.09, 4594.405300, 0.960449, -0.268555, 
10.10, 4800.699200, 0.947510, -0.234619, 
10.11, 4961.538100, 0.956299, -0.192383, 
10.12, 5073.426300, 0.960205, -0.164795, 
10.13, 5160.838900, 0.948486, -0.145508, 
10.14, 5209.790000, 0.958740, -0.111572, 
10.15, 5244.754900, 0.960449, -0.092285, 
10.16, 5265.733900, 0.964111, -0.067139, 
10.17, 5269.230500, 0.965088, -0.045654, 
10.18, 5279.720200, 0.957031, -0.031494, 
10.19, 5290.209500, 0.964600, -0.017334, 
10.20, 5286.712900, 0.965820, -0.002686, 
10.21, 5297.202600, 0.959473, 0.001709, 
10.22, 5342.657200, 0.962891, 0.007813, 
10.23, 5388.111800, 0.973633, 0.024170, 
10.24, 5402.097700, 0.949707, 0.168213, 
10.25, 4867.132800, 0.972900, 0.403320, 
10.26, 4146.853000, 0.980469, 0.368896, 
10.27, 3608.391400, 0.970703, 0.275146, 
10.28, 3353.146700, 0.988037, 0.168945, 
10.29, 3307.692100, 0.975098, 0.112549, 
10.30, 3391.608200, 0.982666, 0.093262, 
10.31, 3451.048800, 0.962646, 0.132080, 
10.32, 3447.552200, 0.975098, 0.167236, 
10.33, 3384.615200, 0.975586, 0.192627, 
10.34, 3293.706100, 0.967285, 0.217529, 
10.35, 3181.818100, 0.967041, 0.238525, 
10.36, 3020.978800, 0.977295, 0.273438, 
10.37, 2807.692100, 0.974365, 0.303467, 
10.38, 2548.950900, 0.974854, 0.327148, 
10.39, 2255.244600, 0.972656, 0.352295, 
10.40, 1933.566300, 0.967529, 0.364990, 
10.41, 1590.909100, 0.971436, 0.366211, 
10.42, 1286.713300, 0.973877, 0.355713, 
10.43, 989.510440, 0.973145, 0.354004, 
10.44, 695.804140, 0.974121, 0.374023, 
10.45, 360.139830, 0.973633, 0.380859, 
10.46, 20.979019, 0.979004, 0.383301, 
10.47, -325.174800, 0.969727, 0.376709, 
10.48, -639.860110, 0.987793, 0.374268, 
10.49, -982.517460, 0.964844, 0.372070, 
10.50, -1304.195800, 0.969238, 0.369385, 
10.51, -1643.356600, 0.976807, 0.361816, 
10.52, -1968.531400, 0.975342, 0.352295, 
10.53, -2272.727100, 0.971924, 0.341309, 
10.54, -2566.433300, 0.963623, 0.320801, 
10.55, -2832.167700, 0.966797, 0.304688, 
10.56, -3094.405500, 0.974121, 0.291260, 
10.57, -3332.167700, 0.968262, 0.280518, 
10.58, -3541.957800, 0.968262, 0.262207, 
10.59, -3776.223600, 0.959473, 0.241943, 
10.60, -3975.524200, 0.963623, 0.222900, 
10.61, -4188.811000, 0.971191, 0.212402, 
10.62, -4353.146500, 0.960449, 0.182617, 
10.63, -4493.006800, 0.971680, 0.156982, 
10.64, -4622.377400, 0.968994, 0.126465, 
10.65, -4688.811000, 0.963135, 0.091553, 
10.66, -4702.796900, 0.968018, 0.049805, 
10.67, -4688.811000, 0.976807, 0.015869, 
10.68, -4597.901900, 0.962646, -0.027588, 
10.69, -4458.042000, 0.963135, -0.065430, 
10.70, -4300.699200, 0.972656, -0.062744, 
10.71, -4164.335400, 0.972656, -0.066406, 
10.72, -4059.440400, 0.978760, -0.067627, 
10.73, -3972.027800, 0.980469, -0.071533, 
10.74, -3891.608200, 0.968750, -0.091553, 
10.75, -3807.692100, 0.980469, -0.108643, 
10.76, -3688.811000, 0.967285, -0.123535, 
10.77, -3552.447300, 0.981934, -0.150879, 
10.78, -3398.601300, 0.971436, -0.180176, 
10.79, -3185.314500, 0.971924, -0.207764, 
10.80, -2944.055900, 0.983398, -0.229492, 
10.81, -2688.811000, 0.974609, -0.246582, 
10.82, -2381.118700, 0.975586, -0.285889, 
10.83, -1993.007000, 0.982178, -0.317139, 
10.84, -1583.916000, 0.974609, -0.335938, 
10.85, -1118.881100, 0.984131, -0.362793, 
10.86, -611.888060, 0.991699, -0.379639, 
10.87, -104.895100, 0.977051, -0.370117, 
10.88, 367.132840, 0.981689, -0.354980, 
10.89, 786.713260, 0.997070, -0.323975, 
10.90, 1143.356600, 0.982178, -0.288818, 
10.91, 1426.573400, 0.983887, -0.250000, 
10.92, 1653.846100, 0.974121, -0.236328, 
10.93, 1870.629300, 0.985840, -0.215332, 
10.94, 2041.957900, 0.975830, -0.205566, 
10.95, 2202.797100, 0.993164, -0.204590, 
10.96, 2395.104700, 0.980957, -0.223877, 
10.97, 2636.363500, 0.988525, -0.216309, 
10.98, 2874.125700, 0.984375, -0.216309, 
10.99, 3118.880900, 0.985596, -0.205566, 
11.00, 3363.636200, 0.981934, -0.189941, 
11.01, 3601.398400, 0.984131, -0.169189, 
11.02, 3779.720200, 0.983398, -0.140869, 
11.03, 3940.559300, 0.983154, -0.115479, 
11.04, 4062.936800, 0.984375, -0.077148, 
11.05, 4108.391600, 0.977783, -0.055176, 
11.06, 4164.335400, 0.973389, -0.022705, 
11.07, 4150.349600, 0.972412, -0.000244, 
11.08, 3818.181600, 0.987061, 0.379150, 
11.09, 2853.146700, 1.016113, 0.391846, 
11.10, 2160.839100, 0.983643, 0.225098, 
11.11, 1884.615400, 1.008545, 0.063232, 
11.12, 1895.104900, 0.984131, -0.010010, 
11.13, 2010.489400, 1.001221, -0.013184, 
11.14, 2094.405500, 0.988525, 0.031250, 
11.15, 2097.902100, 0.982178, 0.055420, 
11.16, 2136.363500, 0.990479, 0.003174, 
11.17, 2304.195800, 0.981689, -0.025391, 
11.18, 2503.496300, 0.998047, -0.016602, 
11.19, 2678.321500, 0.988037, 0.027588, 
11.20, 2744.755100, 0.988525, 0.083252, 
11.21, 2702.797100, 0.982666, 0.144775, 
11.22, 2531.468500, 0.977051, 0.200439, 
11.23, 2080.419400, 0.991943, 0.371094, 
11.24, 1325.174800, 0.992188, 0.490479, 
11.25, 384.615360, 1.013184, 0.512207, 
11.26, -409.090880, 0.975342, 0.383789, 
11.27, -916.083860, 0.998047, 0.268799, 
11.28, -1223.776100, 0.985107, 0.202393, 
11.29, -1440.559300, 0.993408, 0.204590, 
11.30, -1720.279700, 0.992188, 0.233887, 
11.31, -2024.475500, 0.987793, 0.215332, 
11.32, -2304.195800, 0.997314, 0.196533, 
11.33, -2538.461400, 0.980957, 0.177490, 
11.34, -2776.223600, 0.983887, 0.164551, 
11.35, -3024.475300, 0.985107, 0.173584, 
11.36, -3304.195600, 0.980957, 0.175781, 
11.37, -3632.866900, 0.974365, 0.159180, 
11.38, -3818.181600, 0.993164, 0.056885, 
11.39, -3828.671100, 0.976074, -0.012207, 
11.40, -3720.279500, 0.966553, -0.056396, 
11.41, -3576.922900, 0.977783, -0.092773, 
11.42, -3353.146700, 0.981934, -0.102295, 
11.43, -3174.825000, 0.995605, -0.096191, 
11.44, -3055.943800, 0.970459, -0.081787, 
11.45, -2982.517300, 0.981934, -0.064209, 
11.46, -2909.090800, 0.978516, -0.130859, 
11.47, -2622.377400, 0.963135, -0.248291, 
11.48, -2097.902100, 0.982178, -0.347168, 
11.49, -1437.062900, 0.990723, -0.365234, 
11.50, -835.664310, 0.991211, -0.299316, 
11.51, -447.552430, 1.002686, -0.191650, 
11.52, -363.636350, 0.993408, -0.088623, 
11.53, -398.601380, 0.989990, -0.056152, 
11.54, -503.496490, 1.006592, 0.013672, 
11.55, -779.720210, 0.984375, 0.035400, 
11.56, -1052.447500, 0.995117, 0.018311, 
11.57, -1297.202800, 0.996338, 0.010254, 
11.58, -1569.930100, 0.948730, 0.028809, 
11.59, -1793.706200, 1.024658, -0.039063, 
11.60, -1961.538300, 0.960693, -0.040771, 
11.61, -2192.307600, 0.979736, -0.009521, 
11.62, -2493.006800, 0.990723, 0.009766, 
11.63, -2835.664300, 0.971191, 0.021240, 
11.64, -3192.307600, 0.978760, -0.042969, 
11.65, -3339.160600, 0.942627, -0.149902, 
11.66, -3293.706100, 0.975586, -0.250244, 
11.67, -3006.992900, 0.958008, -0.356445, 
11.68, -2562.937000, 0.969727, -0.378174, 
11.69, -2125.874000, 0.972412, -0.367676, 
11.70, -1839.160800, 0.971924, -0.256348, 
11.71, -1902.097800, 0.967041, -0.110596, 
11.72, -2136.363500, 0.957764, -0.123779, 
11.73, -2307.692100, 0.977295, -0.162598, 
11.74, -2472.027800, 0.976074, -0.142578, 
11.75, -2688.811000, 0.924561, -0.120850, 
11.76, -2996.503400, 0.971924, -0.097656, 
11.77, -3458.041700, 0.914307, -0.063477, 
11.78, -3877.622300, 0.949219, -0.106934, 
11.79, -4160.838900, 0.934814, -0.211670, 
11.80, -4223.775900, 0.898926, -0.322754, 
11.81, -4083.915800, 0.931152, -0.395020, 
11.82, -3804.195600, 0.923096, -0.470703, 
11.83, -3398.601300, 0.931885, -0.502930, 
11.84, -2982.517300, 0.926270, -0.482178, 
11.85, -2702.797100, 0.924316, -0.451416, 
11.86, -2479.020800, 0.931641, -0.435303, 
11.87, -2279.720200, 0.911865, -0.473877, 
11.88, -1965.034900, 0.906494, -0.506836, 
11.89, -1664.335600, 0.899170, -0.471436, 
11.90, -1433.566400, 0.920410, -0.498291, 
11.91, -1125.874000, 0.914307, -0.525146, 
11.92, -797.202760, 0.916504, -0.541016, 
11.93, -402.097870, 0.909912, -0.562012, 
11.94, -20.979019, 0.910889, -0.524658, 
11.95, 269.230740, 0.912842, -0.472656, 
11.96, 409.090880, 0.922363, -0.425293, 
11.97, 517.482480, 0.910889, -0.428223, 
11.98, 629.370610, 0.911133, -0.444824, 
11.99, 793.706240, 0.916504, -0.471680, 
12.00, 996.503480, 0.923584, -0.455322, 
12.01, 1181.818100, 0.928955, -0.451172, 
12.02, 1356.643300, 0.917480, -0.432861, 
12.03, 1482.517500, 0.912598, -0.420654, 
12.04, 1583.916000, 0.921875, -0.390137, 
12.05, 1618.881100, 0.936768, -0.340332, 
12.06, 1576.923000, 0.928711, -0.323975, 
12.07, 1499.999900, 0.936035, -0.314209, 
12.08, 1423.076900, 0.936523, -0.286377, 
12.09, 1360.139800, 0.932861, -0.360107, 
12.10, 1482.517500, 0.938721, -0.444092, 
12.11, 1748.251700, 0.926758, -0.432617, 
12.12, 1926.573400, 0.929932, -0.367920, 
12.13, 1947.552400, 0.937988, -0.308105, 
12.14, 1818.181800, 0.996338, -0.208740, 
12.15, 1678.321700, 0.927002, -0.282471, 
12.16, 1597.902000, 0.937500, -0.276855, 
12.17, 1527.971900, 0.952393, -0.286865, 
12.18, 1503.496500, 0.930176, -0.292969, 
12.19, 1493.007000, 0.953369, -0.311523, 
12.20, 1517.482400, 0.954102, -0.310547, 
12.21, 1545.454500, 0.961182, -0.303467, 
12.22, 1566.433500, 0.942871, -0.286133, 
12.23, 1555.944000, 0.957764, -0.290039, 
12.24, 1590.909100, 0.955322, -0.306396, 
12.25, 1674.825100, 0.942139, -0.321045, 
12.26, 1786.713300, 0.963379, -0.319336, 
12.27, 1888.111800, 0.954102, -0.308838, 
12.28, 1979.020900, 0.968994, -0.293701, 
12.29, 2045.454500, 0.961426, -0.270996, 
12.30, 2080.419400, 0.960205, -0.255127, 
12.31, 2080.419400, 0.959961, -0.234131, 
12.32, 2055.943800, 0.964600, -0.215332, 
12.33, 1996.503400, 0.977295, -0.190918, 
12.34, 1912.587300, 0.965576, -0.185059, 
12.35, 1807.692300, 0.962402, -0.169434, 
12.36, 1674.825100, 0.969238, -0.143311, 
12.37, 1489.510400, 0.973633, -0.119873, 
12.38, 1265.734300, 0.977783, -0.097412, 
12.39, 1003.496500, 0.981934, -0.092041, 
12.40, 755.244690, 0.969971, -0.090088, 
12.41, 503.496490, 0.971924, -0.103271, 
12.42, 304.195800, 0.982666, -0.130371, 
12.43, 178.321670, 0.969238, -0.162842, 
12.44, 129.370620, 0.982910, -0.180908, 
12.45, 118.881110, 0.976563, -0.204102, 
12.46, 139.860140, 0.978271, -0.213867, 
12.47, 213.286700, 0.971191, -0.236328, 
12.48, 325.174800, 0.976318, -0.268066, 
12.49, 486.013980, 0.973877, -0.281250, 
12.50, 685.314640, 0.974609, -0.292725, 
12.51, 930.069890, 0.973877, -0.308594, 
12.52, 1230.769200, 0.971191, -0.377930, 
12.53, 1769.230700, 0.974854, -0.480469, 
12.54, 2510.489500, 0.968018, -0.520264, 
12.55, 3293.706100, 0.965576, -0.509033, 
12.56, 4041.957800, 0.969727, -0.444824, 
12.57, 4639.859900, 0.944336, -0.388916, 
12.58, 5108.391600, 0.963135, -0.291016, 
12.59, 5384.615200, 0.943359, -0.181396, 
12.60, 5458.041500, 0.958008, -0.113037, 
12.61, 5486.013700, 0.962158, -0.068359, 
12.62, 5409.090800, 0.940674, -0.018799, 
12.63, 5241.258300, 0.978760, 0.036621, 
12.64, 4986.013700, 0.962646, 0.075928, 
12.65, 4713.286600, 0.969238, 0.104248, 
12.66, 4426.573200, 0.970459, 0.114990, 
12.67, 4097.901900, 0.983887, 0.138184, 
12.68, 3811.188700, 0.984619, 0.118164, 
12.69, 3576.922900, 0.998291, 0.110107, 
12.70, 3398.601300, 0.979736, 0.092041, 
12.71, 3276.223600, 0.971436, 0.073242, 
12.72, 3255.244600, 1.001709, 0.037598, 
12.73, 3328.671100, 0.971436, 0.029053, 
12.74, 3363.636200, 0.989258, 0.099854, 
12.75, 3237.762200, 0.973877, 0.175293, 
12.76, 2999.999800, 0.989258, 0.190186, 
12.77, 2797.202600, 0.974365, 0.162354, 
12.78, 2720.279500, 0.992920, 0.119629, 
12.79, 2727.272700, 0.976807, 0.065186, 
12.80, 2860.139600, 0.982178, 0.037354, 
12.81, 3153.845900, 0.971680, -0.063721, 
12.82, 3555.943800, 0.972656, -0.018799, 
12.83, 3919.580300, 0.980225, 0.045654, 
12.84, 4115.384300, 0.950439, 0.118164, 
12.85, 4115.384300, 0.970215, 0.199707, 
12.86, 3975.524200, 0.997559, 0.263916, 
12.87, 3744.755100, 0.922119, 0.291504, 
12.88, 3573.426500, 0.987061, 0.314697, 
12.89, 3356.643300, 0.963135, 0.310303, 
12.90, 3146.853000, 0.957031, 0.276123, 
12.91, 3097.901900, 0.967041, 0.241211, 
12.92, 3146.853000, 0.927002, 0.233643, 
12.93, 3202.797100, 0.976807, 0.216309, 
12.94, 3286.713100, 0.935303, 0.224609, 
12.95, 3381.118700, 0.946045, 0.242188, 
12.96, 3451.048800, 0.940186, 0.273926, 
12.97, 3405.594200, 0.945313, 0.333496, 
12.98, 3283.216600, 0.936035, 0.358154, 
12.99, 3181.818100, 0.933105, 0.335938, 
13.00, 3146.853000, 0.929443, 0.342529, 
13.01, 3083.916000, 0.934326, 0.356689, 
13.02, 3017.482400, 0.929199, 0.371094, 
13.03, 2933.566400, 0.927979, 0.387451, 
13.04, 2825.174800, 0.919434, 0.414063, 
13.05, 2699.300500, 0.923828, 0.421631, 
13.06, 2548.950900, 0.921631, 0.444092, 
13.07, 2363.636200, 0.927734, 0.471680, 
13.08, 2118.881100, 0.914551, 0.485840, 
13.09, 1863.636200, 0.917969, 0.497314, 
13.10, 1587.412500, 0.917969, 0.519043, 
13.11, 1276.223800, 0.907227, 0.529297, 
13.12, 940.559390, 0.915771, 0.554688, 
13.13, 569.930050, 0.927979, 0.559570, 
13.14, 167.832150, 0.914551, 0.564209, 
13.15, -202.797200, 0.923096, 0.574951, 
13.16, -601.398560, 0.921143, 0.570068, 
13.17, -975.524410, 0.914551, 0.542480, 
13.18, -1290.209700, 0.923340, 0.528564, 
13.19, -1597.902000, 0.914551, 0.515869, 
13.20, -1888.111800, 0.926270, 0.499268, 
13.21, -2160.839100, 0.913086, 0.483398, 
13.22, -2398.601300, 0.923340, 0.469482, 
13.23, -2618.881100, 0.917480, 0.444824, 
13.24, -2797.202600, 0.922852, 0.425293, 
13.25, -2965.034900, 0.929199, 0.407227, 
13.26, -3083.916000, 0.932617, 0.381592, 
13.27, -3188.811000, 0.923096, 0.364746, 
13.28, -3255.244600, 0.929199, 0.349609, 
13.29, -3332.167700, 0.932861, 0.337158, 
13.30, -3409.090800, 0.945313, 0.324219, 
13.31, -3444.055700, 0.938477, 0.307373, 
13.32, -3506.992900, 0.940430, 0.289795, 
13.33, -3520.978800, 0.938232, 0.281494, 
13.34, -3545.454300, 0.953613, 0.259766, 
13.35, -3562.937000, 0.949707, 0.239258, 
13.36, -3552.447300, 0.958984, 0.226807, 
13.37, -3531.468300, 0.958008, 0.217773, 
13.38, -3506.992900, 0.957031, 0.201172, 
13.39, -3493.006800, 0.965820, 0.187744, 
13.40, -3615.384500, 0.962646, 0.260498, 
13.41, -3772.727100, 0.954102, 0.242188, 
13.42, -3909.090800, 0.969482, 0.230225, 
13.43, -4034.964800, 0.965088, 0.191162, 
13.44, -4122.377400, 0.966553, 0.167480, 
13.45, -4146.853000, 0.958984, 0.138184, 
13.46, -4164.335400, 0.972168, 0.107422, 
13.47, -4139.859900, 0.966553, 0.087891, 
13.48, -4104.895000, 0.967041, 0.057617, 
13.49, -4006.992900, 0.976074, 0.022217, 
13.50, -3849.650100, 0.973877, -0.005127, 
13.51, -3685.314500, 0.978760, -0.012939, 
13.52, -3559.440400, 0.972412, -0.020020, 
13.53, -3405.594200, 0.992188, -0.029053, 
13.54, -3255.244600, 0.990723, -0.040039, 
13.55, -3111.887900, 0.979004, -0.045654, 
13.56, -3003.496300, 0.984619, -0.047607, 
13.57, -2895.104700, 0.982178, -0.060791, 
13.58, -2800.699200, 0.980225, -0.058838, 
13.59, -2716.783200, 0.994385, -0.046387, 
13.60, -2692.307600, 0.982666, -0.040771, 
13.61, -2692.307600, 0.989258, -0.041504, 
13.62, -2702.797100, 0.985107, -0.030518, 
13.63, -2769.230700, 0.981201, -0.024170, 
13.64, -2874.125700, 0.980469, -0.028320, 
13.65, -2958.041700, 0.993896, -0.029297, 
13.66, -3090.908900, 0.972168, -0.039795, 
13.67, -3171.328600, 0.983154, -0.065674, 
13.68, -3244.755100, 0.979004, -0.082764, 
13.69, -3318.181600, 0.972900, -0.095459, 
13.70, -3381.118700, 0.975098, -0.089600, 
13.71, -3479.020800, 0.965088, -0.094482, 
13.72, -3618.880900, 0.964355, -0.089355, 
13.73, -3737.762000, 0.977051, -0.094971, 
13.74, -3923.076700, 0.965820, -0.094482, 
13.75, -4115.384300, 0.958740, -0.111816, 
13.76, -4272.727100, 0.959961, -0.135010, 
13.77, -4405.594200, 0.945801, -0.165039, 
13.78, -4482.517100, 0.946777, -0.199707, 
13.79, -4545.454100, 0.933350, -0.229004, 
13.80, -4562.937000, 0.936035, -0.253174, 
13.81, -4541.958000, 0.931152, -0.282471, 
13.82, -4513.985800, 0.924561, -0.292480, 
13.83, -4489.510300, 0.927490, -0.311035, 
13.84, -4447.552200, 0.918945, -0.327393, 
13.85, -4412.587400, 0.904053, -0.338623, 
13.86, -4374.125500, 0.912598, -0.351318, 
13.87, -4325.174800, 0.908691, -0.379395, 
13.88, -4244.754900, 0.900635, -0.398193, 
13.89, -4146.853000, 0.885742, -0.431641, 
13.90, -4062.936800, 0.899414, -0.419434, 
13.91, -3986.013900, 0.883057, -0.415527, 
13.92, -3930.069800, 0.885986, -0.428711, 
13.93, -3849.650100, 0.878174, -0.468750, 
13.94, -3706.293500, 0.874268, -0.496826, 
13.95, -3534.964800, 0.880615, -0.535400, 
13.96, -3269.230700, 0.878906, -0.569824, 
13.97, -2961.538300, 0.871826, -0.613770, 
13.98, -2601.398400, 0.864014, -0.620605, 
13.99, -2255.244600, 0.861816, -0.614258, 
14.00, -1940.559300, 0.862549, -0.595459, 
14.01, -1699.300700, 0.871826, -0.571289, 
14.02, -1513.986000, 0.860840, -0.564453, 
14.03, -1283.216700, 0.853516, -0.604492, 
14.04, -1010.489400, 0.847168, -0.627197, 
14.05, -660.839110, 0.859863, -0.667236, 
14.06, -234.265720, 0.856445, -0.700439, 
14.07, 251.748250, 0.847656, -0.726563, 
14.08, 797.202760, 0.853271, -0.731689, 
14.09, 1307.692300, 0.857666, -0.707764, 
14.10, 1748.251700, 0.853271, -0.655029, 
14.11, 2080.419400, 0.859619, -0.610107, 
14.12, 2363.636200, 0.859619, -0.580078, 
14.13, 2573.426500, 0.846924, -0.557617, 
14.14, 2776.223600, 0.872314, -0.550537, 
14.15, 2951.048800, 0.868164, -0.543945, 
14.16, 3164.335400, 0.887207, -0.550781, 
14.17, 3363.636200, 0.864990, -0.528809, 
14.18, 3573.426500, 0.879150, -0.510498, 
14.19, 3741.258500, 0.876709, -0.494873, 
14.20, 3881.118700, 0.885010, -0.467285, 
14.21, 3975.524200, 0.881104, -0.442627, 
14.22, 4024.475300, 0.893311, -0.408447, 
14.23, 4027.971900, 0.900391, -0.375244, 
14.24, 3996.503400, 0.897217, -0.347168, 
14.25, 3923.076700, 0.902588, -0.329834, 
14.26, 3839.160600, 0.914307, -0.318115, 
14.27, 3765.734100, 0.930420, -0.316650, 
14.28, 3730.769000, 0.926270, -0.325195, 
14.29, 3748.251500, 0.927734, -0.347168, 
14.30, 3821.678200, 0.927246, -0.357666, 
14.31, 3916.083700, 0.927979, -0.345215, 
14.32, 4041.957800, 0.938965, -0.345703, 
14.33, 4185.314500, 0.941650, -0.325928, 
14.34, 4297.202600, 0.939209, -0.314209, 
14.35, 4412.587400, 0.933105, -0.294189, 
14.36, 4489.510300, 0.934082, -0.265625, 
14.37, 4552.447300, 0.942627, -0.240723, 
14.38, 4597.901900, 0.946289, -0.227783, 
14.39, 4643.356400, 0.956543, -0.207764, 
14.40, 4667.832000, 0.950439, -0.194580, 
14.41, 4702.796900, 0.956055, -0.166748, 
14.42, 4688.811000, 0.957764, -0.154297, 
14.43, 4667.832000, 0.957275, -0.137939, 
14.44, 4667.832000, 0.969482, -0.119629, 
14.45, 4629.370600, 0.963135, -0.102295, 
14.46, 4583.916000, 0.973389, -0.086426, 
14.47, 4531.468300, 0.967285, -0.072510, 
14.48, 4493.006800, 0.963379, -0.056641, 
14.49, 4461.538100, 0.968750, -0.050781, 
14.50, 4447.552200, 0.977783, -0.043701, 
14.51, 4440.559100, 0.978027, -0.042969, 
14.52, 4475.524400, 0.966064, -0.033936, 
14.53, 4500.000000, 0.983887, -0.018799, 
14.54, 4524.475100, 0.963135, -0.001221, 
14.55, 4534.964800, 0.977051, 0.012695, 
14.56, 4541.958000, 0.974609, 0.029541, 
14.57, 4538.461400, 0.975830, 0.041260, 
14.58, 4545.454100, 0.968750, 0.049805, 
14.59, 4587.412600, 0.960693, 0.050781, 
14.60, 4451.048800, 0.968262, 0.270264, 
14.61, 3965.034700, 0.992676, 0.341553, 
14.62, 3342.657200, 0.979736, 0.365967, 
14.63, 2807.692100, 0.986084, 0.292236, 
14.64, 2538.461400, 0.982910, 0.163086, 
14.65, 2520.979000, 0.982910, 0.081299, 
14.66, 2681.818100, 0.980957, 0.061768, 
14.67, 2867.132800, 0.972168, 0.080811, 
14.68, 2989.510300, 0.976074, 0.119873, 
14.69, 3031.468500, 0.975586, 0.172607, 
14.70, 2989.510300, 0.975342, 0.209229, 
14.71, 2895.104700, 0.982178, 0.233154, 
14.72, 2755.244600, 0.978027, 0.246094, 
14.73, 2632.866900, 0.969727, 0.245850, 
14.74, 2545.454300, 0.973633, 0.232910, 
14.75, 2500.000000, 0.974609, 0.212158, 
14.76, 2513.985800, 0.967041, 0.199951, 
14.77, 2573.426500, 0.970215, 0.185059, 
14.78, 2643.356400, 0.952393, 0.193848, 
14.79, 2748.251700, 0.957764, 0.219971, 
14.80, 2772.727100, 0.960205, 0.253174, 
14.81, 2727.272700, 0.951172, 0.303711, 
14.82, 2583.916000, 0.944336, 0.328125, 
14.83, 2426.573200, 0.962891, 0.334229, 
14.84, 2311.188700, 0.944580, 0.320801, 
14.85, 2272.727100, 0.963623, 0.281006, 
14.86, 2311.188700, 0.945801, 0.245361, 
14.87, 2440.559300, 0.935547, 0.228516, 
14.88, 2615.384500, 0.945557, 0.239746, 
14.89, 2720.279500, 0.938232, 0.275879, 
14.90, 2776.223600, 0.938721, 0.320557, 
14.91, 2727.272700, 0.928955, 0.370850, 
14.92, 2594.405500, 0.924561, 0.393555, 
14.93, 2451.048800, 0.933838, 0.398682, 
14.94, 2321.678200, 0.927979, 0.395996, 
14.95, 2227.272700, 0.923828, 0.388184, 
14.96, 2167.832000, 0.929932, 0.375244, 
14.97, 2125.874000, 0.928711, 0.375732, 
14.98, 2115.384500, 0.921631, 0.381836, 
14.99, 2094.405500, 0.919922, 0.391846, 
15.00, 2031.468400, 0.907715, 0.418701, 
15.01, 1951.048800, 0.915283, 0.425537, 
15.02, 1860.139800, 0.923096, 0.448975, 
15.03, 1727.272700, 0.906006, 0.458008, 
15.04, 1594.405500, 0.919922, 0.448242, 
15.05, 1503.496500, 0.899170, 0.424561, 
15.06, 1503.496500, 0.904785, 0.386963, 
15.07, 1580.419600, 0.908203, 0.365723, 
15.08, 1723.776100, 0.905518, 0.356201, 
15.09, 1867.132800, 0.901611, 0.360840, 
15.10, 1999.999900, 0.894043, 0.379150, 
15.11, 2080.419400, 0.900391, 0.406738, 
15.12, 2101.398400, 0.894043, 0.433594, 
15.13, 2087.412600, 0.878906, 0.464600, 
15.14, 2010.489400, 0.896729, 0.478760, 
15.15, 1944.055900, 0.894775, 0.481689, 
15.16, 1870.629300, 0.891602, 0.494629, 
15.17, 1800.699200, 0.878662, 0.489990, 
15.18, 1762.237700, 0.878174, 0.471680, 
15.19, 1786.713300, 0.873291, 0.445557, 
15.20, 1835.664300, 0.862793, 0.447998, 
15.21, 1916.083900, 0.862793, 0.462891, 
15.22, 1944.055900, 0.875977, 0.470703, 
15.23, 1999.999900, 0.855957, 0.483154, 
15.24, 1989.510400, 0.868896, 0.498779, 
15.25, 1972.027800, 0.854248, 0.513184, 
15.26, 1947.552400, 0.856445, 0.528809, 
15.27, 1846.153800, 0.857910, 0.563965, 
15.28, 1709.790200, 0.859131, 0.583008, 
15.29, 1548.950900, 0.855957, 0.572998, 
15.30, 1451.048800, 0.851074, 0.551758, 
15.31, 1437.062900, 0.850342, 0.504639, 
15.32, 1493.007000, 0.844482, 0.492432, 
15.33, 1594.405500, 0.839844, 0.493164, 
15.34, 1667.832000, 0.840088, 0.513672, 
15.35, 1709.790200, 0.834961, 0.533447, 
15.36, 1695.804100, 0.829834, 0.555420, 
15.37, 1685.314600, 0.835205, 0.567139, 
15.38, 1650.349600, 0.826416, 0.569336, 
15.39, 1615.384500, 0.818848, 0.575684, 
15.40, 1569.930100, 0.822510, 0.569580, 
15.41, 1576.923000, 0.819336, 0.553711, 
15.42, 1611.888100, 0.818115, 0.558594, 
15.43, 1618.881100, 0.819824, 0.565186, 
15.44, 1608.391500, 0.808350, 0.578613, 
15.45, 1604.895000, 0.810547, 0.578857, 
15.46, 1594.405500, 0.811035, 0.576416, 
15.47, 1622.377600, 0.793213, 0.563965, 
15.48, 1702.797100, 0.802979, 0.551514, 
15.49, 1786.713300, 0.798584, 0.547607, 
15.50, 1867.132800, 0.786621, 0.565430, 
15.51, 1940.559300, 0.795654, 0.586670, 
15.52, 1951.048800, 0.783447, 0.595947, 
15.53, 1972.027800, 0.784424, 0.608887, 
15.54, 1951.048800, 0.778564, 0.619873, 
15.55, 1951.048800, 0.775879, 0.623291, 
15.56, 1954.545400, 0.773193, 0.626953, 
15.57, 1940.559300, 0.771484, 0.643066, 
15.58, 1912.587300, 0.763916, 0.635498, 
15.59, 1933.566300, 0.755615, 0.617920, 
15.60, 1993.007000, 0.768799, 0.621826, 
15.61, 2013.986000, 0.759033, 0.645508, 
15.62, 1999.999900, 0.749512, 0.672852, 
15.63, 1930.069800, 0.749756, 0.691162, 
15.64, 1849.650300, 0.743164, 0.702637, 
15.65, 1765.734100, 0.745605, 0.699463, 
15.66, 1678.321700, 0.739502, 0.708008, 
15.67, 1601.398600, 0.732910, 0.696045, 
15.68, 1524.475500, 0.731689, 0.693604, 
15.69, 1489.510400, 0.729492, 0.686035, 
15.70, 1458.041900, 0.733643, 0.687744, 
15.71, 1447.552400, 0.724365, 0.686279, 
15.72, 1423.076900, 0.716309, 0.697754, 
15.73, 1409.090800, 0.717285, 0.697998, 
15.74, 1374.125900, 0.722900, 0.708008, 
15.75, 1353.146900, 0.710693, 0.697998, 
15.76, 1346.153800, 0.699707, 0.691895, 
15.77, 1360.139800, 0.713867, 0.683105, 
15.78, 1419.580300, 0.702881, 0.677734, 
15.79, 1482.517500, 0.706787, 0.682129, 
15.80, 1545.454500, 0.706299, 0.688721, 
15.81, 1566.433500, 0.694336, 0.707520, 
15.82, 1569.930100, 0.691895, 0.714355, 
15.83, 1569.930100, 0.679199, 0.716797, 
15.84, 1566.433500, 0.687012, 0.720703, 
15.85, 1552.447500, 0.685547, 0.724365, 
15.86, 1548.950900, 0.672607, 0.720459, 
15.87, 1548.950900, 0.679688, 0.723877, 
15.88, 1580.419600, 0.675537, 0.722900, 
15.89, 1590.909100, 0.677246, 0.742188, 
15.90, 1559.440400, 0.668457, 0.759033, 
15.91, 1524.475500, 0.666748, 0.756592, 
15.92, 1503.496500, 0.664551, 0.753174, 
15.93, 1482.517500, 0.648926, 0.747314, 
15.94, 1472.028000, 0.652588, 0.751953, 
15.95, 1468.531400, 0.638184, 0.756836, 
15.96, 1458.041900, 0.646729, 0.751709, 
15.97, 1447.552400, 0.652344, 0.771973, 
15.98, 1405.594400, 0.639893, 0.791748, 
15.99, 1356.643300, 0.639404, 0.781494, 
16.00, 1314.685300, 0.648926, 0.789795, 
16.01, 1234.265600, 0.630859, 0.788818, 
16.02, 1178.321700, 0.636719, 0.786133, 
16.03, 1129.370600, 0.644531, 0.802246, 
16.04, 1038.461500, 0.624023, 0.812256, 
16.05, 916.083860, 0.623291, 0.833496, 
16.06, 793.706240, 0.627686, 0.835449, 
16.07, 636.363590, 0.616943, 0.847900, 
16.08, 451.048920, 0.618652, 0.864990, 
16.09, 178.321670, 0.626709, 0.912598, 
16.10, -164.335660, 0.630859, 0.941406, 
16.11, -538.461490, 0.620117, 0.938477, 
16.12, -909.090880, 0.625244, 0.935059, 
16.13, -1283.216700, 0.620605, 0.934814, 
16.14, -1657.342500, 0.630371, 0.925049, 
16.15, -2024.475500, 0.635010, 0.917725, 
16.16, -2353.146700, 0.638184, 0.884033, 
16.17, -2611.887900, 0.644531, 0.859375, 
16.18, -2846.153800, 0.645020, 0.849121, 
16.19, -3080.419400, 0.651611, 0.854004, 
16.20, -3367.132800, 0.668213, 0.879639, 
16.21, -3692.307600, 0.661377, 0.882813, 
16.22, -4066.433300, 0.670898, 0.874023, 
16.23, -4409.090800, 0.678467, 0.834717, 
16.24, -4667.832000, 0.672607, 0.805664, 
16.25, -4870.628900, 0.689453, 0.768066, 
16.26, -5052.447300, 0.692383, 0.735107, 
16.27, -5167.832000, 0.707275, 0.700439, 
16.28, -5220.279300, 0.712891, 0.677246, 
16.29, -5279.720200, 0.722412, 0.653809, 
16.30, -5286.712900, 0.739502, 0.643311, 
16.31, -5318.181600, 0.739502, 0.633301, 
16.32, -5360.139600, 0.760498, 0.618896, 
16.33, -5381.118700, 0.765869, 0.602539, 
16.34, -5388.111800, 0.772217, 0.580811, 
16.35, -5430.069800, 0.781494, 0.585449, 
16.36, -5486.013700, 0.792969, 0.577148, 
16.37, -5541.958000, 0.793701, 0.558105, 
16.38, -5615.384300, 0.814453, 0.549316, 
16.39, -5653.845700, 0.823486, 0.493164, 
16.40, -5590.908700, 0.819092, 0.435791, 
16.41, -5468.531300, 0.838379, 0.422363, 
16.42, -5356.643100, 0.842041, 0.417236, 
16.43, -5286.712900, 0.860107, 0.431885, 
16.44, -5248.251500, 0.862549, 0.423340, 
16.45, -5258.741200, 0.869629, 0.417969, 
16.46, -5279.720200, 0.885498, 0.415039, 
16.47, -5304.195300, 0.885498, 0.397949, 
16.48, -5332.167500, 0.884277, 0.378906, 
16.49, -5353.146500, 0.891357, 0.365723, 
16.50, -5395.104500, 0.902344, 0.355957, 
16.51, -5426.573200, 0.904785, 0.316406, 
16.52, -5381.118700, 0.924805, 0.266846, 
16.53, -5283.216300, 0.927002, 0.244141, 
16.54, -5174.824700, 0.914307, 0.219238, 
16.55, -5041.958000, 0.919922, 0.197510, 
16.56, -4919.580100, 0.931885, 0.197021, 
16.57, -4807.691900, 0.947021, 0.203125, 
16.58, -4744.754900, 0.946289, 0.187500, 
16.59, -4685.314500, 0.947754, 0.167480, 
16.60, -4580.419400, 0.951660, 0.149902, 
16.61, -4479.021000, 0.961182, 0.128906, 
16.62, -4349.650400, 0.964111, 0.102539, 
16.63, -4195.804200, 0.965088, 0.080322, 
16.64, -4066.433300, 0.958740, 0.106934, 
16.65, -4031.468300, 0.957275, 0.132080, 
16.66, -4076.922900, 0.980713, 0.134277, 
16.67, -4118.880900, 0.957764, 0.127441, 
16.68, -4216.783200, 0.967041, 0.116455, 
16.69, -4297.202600, 0.972412, 0.128174, 
16.70, -4437.062500, 0.966309, 0.090332, 
16.71, -4506.992700, 0.982910, 0.079834, 
16.72, -4527.971700, 0.956055, 0.010010, 
16.73, -4486.013700, 0.987061, -0.017578, 
16.74, -4423.076700, 0.968262, -0.001953, 
16.75, -4409.090800, 0.985352, -0.024170, 
16.76, -4395.104500, 0.960449, -0.019775, 
16.77, -4458.042000, 0.979492, -0.003906, 
16.78, -4520.979000, 0.957031, -0.030273, 
16.79, -4587.412600, 0.968750, -0.047119, 
16.80, -4650.349600, 0.972412, -0.052734, 
16.81, -4748.251500, 0.931396, -0.069336, 
16.82, -4818.181600, 0.973877, -0.066650, 
16.83, -4909.090800, 0.954834, -0.095459, 
16.84, -4972.027800, 0.940186, -0.124512, 
16.85, -5024.475100, 0.962402, -0.137695, 
16.86, -5055.943800, 0.939697, -0.153320, 
16.87, -5108.391600, 0.937256, -0.180420, 
16.88, -5143.356400, 0.944580, -0.194092, 
16.89, -5171.328600, 0.933838, -0.218994, 
16.90, -5157.342300, 0.925049, -0.234131, 
16.91, -5185.314500, 0.930176, -0.235352, 
16.92, -5223.775900, 0.924805, -0.249023, 
16.93, -5276.223600, 0.918945, -0.254639, 
16.94, -5342.657200, 0.912109, -0.263672, 
16.95, -5398.601100, 0.895020, -0.326172, 
16.96, -5307.691900, 0.910889, -0.409668, 
16.97, -5066.433100, 0.898193, -0.475098, 
16.98, -4741.258300, 0.891113, -0.506348, 
16.99, -4405.594200, 0.891357, -0.510742, 
17.00, -4104.895000, 0.884766, -0.495605, 
17.01, -3856.643100, 0.887695, -0.479736, 
17.02, -3688.811000, 0.880615, -0.473633, 
17.03, -3569.929900, 0.885010, -0.453613, 
17.04, -3493.006800, 0.882568, -0.447998, 
17.05, -3472.027800, 0.874756, -0.440430, 
17.06, -3496.503400, 0.871826, -0.414063, 
17.07, -3611.887900, 0.867432, -0.393555, 
17.08, -3800.699200, 0.858643, -0.381348, 
17.09, -3989.510300, 0.854004, -0.409668, 
17.10, -4108.391600, 0.848145, -0.431885, 
17.11, -4241.258300, 0.825928, -0.452881, 
17.12, -4356.643100, 0.831787, -0.472656, 
17.13, -4437.062500, 0.807373, -0.504395, 
17.14, -4496.503400, 0.793701, -0.522461, 
17.15, -4475.524400, 0.794434, -0.562988, 
17.16, -4423.076700, 0.792725, -0.599365, 
17.17, -4283.216800, 0.773193, -0.646729, 
17.18, -4080.419400, 0.782959, -0.664307, 
17.19, -3944.055700, 0.775879, -0.606689, 
17.20, -3916.083700, 0.761475, -0.613281, 
17.21, -3898.601300, 0.754395, -0.629150, 
17.22, -3842.657200, 0.760986, -0.652344, 
17.23, -3755.244600, 0.745117, -0.688965, 
17.24, -3583.916000, 0.731445, -0.728516, 
17.25, -3377.622300, 0.732178, -0.741699, 
17.26, -3160.839100, 0.738281, -0.745117, 
17.27, -2961.538300, 0.730713, -0.723389, 
17.28, -2832.167700, 0.715332, -0.711914, 
17.29, -2762.237500, 0.717773, -0.701904, 
17.30, -2737.762200, 0.692871, -0.676758, 
17.31, -2755.244600, 0.699951, -0.679443, 
17.32, -2741.258500, 0.693115, -0.699951, 
17.33, -2709.790000, 0.680176, -0.726563, 
17.34, -2632.866900, 0.683350, -0.739502, 
17.35, -2566.433300, 0.677246, -0.736084, 
17.36, -2503.496300, 0.672607, -0.763672, 
17.37, -2377.622300, 0.671387, -0.782959, 
17.38, -2220.279500, 0.659668, -0.796143, 
17.39, -2069.929900, 0.654297, -0.806396, 
17.40, -1912.587300, 0.652588, -0.791992, 
17.41, -1832.167700, 0.650391, -0.759277, 
17.42, -1811.188700, 0.641602, -0.724365, 
17.43, -1895.104900, 0.642334, -0.706787, 
17.44, -1986.013900, 0.630127, -0.728516, 
17.45, -2006.992900, 0.630859, -0.751953, 
17.46, -1996.503400, 0.620605, -0.768066, 
17.47, -1965.034900, 0.614502, -0.784668, 
17.48, -1937.062900, 0.609131, -0.787842, 
17.49, -1877.622300, 0.610596, -0.792969, 
17.50, -1825.174700, 0.594727, -0.814453, 
17.51, -1716.783100, 0.606445, -0.830322, 
17.52, -1587.412500, 0.599121, -0.830322, 
17.53, -1475.524400, 0.595947, -0.837646, 
17.54, -1370.629300, 0.594238, -0.830322, 
17.55, -1262.237700, 0.579102, -0.839844, 
17.56, -1146.853100, 0.599854, -0.855469, 
17.57, -1010.489400, 0.579834, -0.850342, 
17.58, -912.587340, 0.580078, -0.837158, 
17.59, -804.195740, 0.587646, -0.868652, 
17.60, -608.391600, 0.562744, -0.899170, 
17.61, -377.622340, 0.573242, -0.911865, 
17.62, -115.384610, 0.581543, -0.930664, 
17.63, 195.804180, 0.578857, -0.953857, 
17.64, 552.447510, 0.571045, -0.954346, 
17.65, 888.111820, 0.574951, -0.944092, 
17.66, 1174.825100, 0.531494, -0.923340, 
17.67, 1486.013900, 0.620117, -0.901123, 
17.68, 1779.720200, 0.536621, -0.936523, 
17.69, 2101.398400, 0.622070, -0.924561, 
17.70, 2433.566400, 0.527100, -0.984131, 
17.71, 2909.090800, 0.600586, -0.920898, 
17.72, 3181.818100, 0.517578, -0.951172, 
17.73, 3660.839100, 0.617188, -0.939941, 
17.74, 4069.929900, 0.559082, -0.997559, 
17.75, 4709.790000, 0.641846, -0.986816, 
17.76, 5188.811000, 0.573242, -0.994629, 
17.77, 5650.349600, 0.597900, -0.866699, 
17.78, 5888.111800, 0.615723, -0.768311, 
17.79, 5951.048800, 0.637939, -0.720703, 
17.80, 5940.559100, 0.638184, -0.698486, 
17.81, 5933.565900, 0.680176, -0.690674, 
17.82, 5979.020500, 0.666992, -0.725830, 
17.83, 6118.880900, 0.675049, -0.711670, 
17.84, 6230.769000, 0.704834, -0.694580, 
17.85, 6395.104500, 0.705078, -0.724365, 
17.86, 6594.405300, 0.733887, -0.703369, 
17.87, 6758.740700, 0.713867, -0.647461, 
17.88, 6832.167500, 0.737793, -0.602295, 
17.89, 6860.139600, 0.744629, -0.568604, 
17.90, 6839.160600, 0.778076, -0.539795, 
17.91, 6839.160600, 0.770020, -0.524170, 
17.92, 6821.678200, 0.784668, -0.512695, 
17.93, 6804.195300, 0.795898, -0.491699, 
17.94, 6800.699200, 0.817627, -0.487305, 
17.95, 6818.181600, 0.819092, -0.470459, 
17.96, 6853.146500, 0.825439, -0.452393, 
17.97, 6839.160600, 0.846924, -0.419434, 
17.98, 6832.167500, 0.852295, -0.399170, 
17.99, 6772.727100, 0.864502, -0.357910, 
18.00, 6667.832000, 0.873047, -0.324707, 
18.01, 6590.908700, 0.862793, -0.314941, 
18.02, 6506.992700, 0.874023, -0.319336, 
18.03, 6499.999500, 0.898682, -0.319580, 
18.04, 6524.475100, 0.892334, -0.307129, 
18.05, 6545.454100, 0.902344, -0.273926, 
18.06, 6545.454100, 0.901855, -0.259277, 
18.07, 6531.468300, 0.904785, -0.244385, 
18.08, 6538.461400, 0.906738, -0.212891, 
18.09, 6489.510300, 0.922119, -0.162354, 
18.10, 6381.118700, 0.933105, -0.147461, 
18.11, 6307.691900, 0.926025, -0.132568, 
18.12, 6178.321300, 0.923340, -0.097900, 
18.13, 6069.929700, 0.935547, -0.094482, 
18.14, 6069.929700, 0.946289, -0.119141, 
18.15, 6087.412100, 0.958252, -0.106201, 
18.16, 6083.916000, 0.944824, -0.053955, 
18.17, 5993.006800, 0.949707, -0.004639, 
18.18, 5849.649900, 0.959717, 0.030273, 
18.19, 5720.279300, 0.968262, 0.018799, 
18.20, 5657.342300, 0.953857, 0.021973, 
18.21, 5590.908700, 0.949951, 0.053467, 
18.22, 5482.517100, 0.967773, 0.065430, 
18.23, 5419.580100, 0.961182, 0.053467, 
18.24, 5416.083500, 0.967285, 0.058838, 
18.25, 5423.076700, 0.958496, 0.076904, 
18.26, 5381.118700, 0.953857, 0.107422, 
18.27, 5342.657200, 0.952637, 0.135254, 
18.28, 5297.202600, 0.951172, 0.129395, 
18.29, 5321.678200, 0.956543, 0.107666, 
18.30, 5416.083500, 0.944336, 0.092773, 
18.31, 5552.447300, 0.943115, 0.122559, 
18.32, 5643.356400, 0.935791, 0.148193, 
18.33, 5723.775900, 0.939209, 0.164551, 
18.34, 5821.678200, 0.934326, 0.200928, 
18.35, 5839.160600, 0.927246, 0.236084, 
18.36, 5818.181600, 0.927246, 0.286133, 
18.37, 5671.328600, 0.924805, 0.377686, 
18.38, 5437.062500, 0.926514, 0.346924, 
18.39, 5335.664100, 0.910400, 0.340088, 
18.40, 5244.754900, 0.910156, 0.374756, 
18.41, 5104.895000, 0.911377, 0.376953, 
18.42, 5006.992700, 0.909424, 0.370850, 
18.43, 4961.538100, 0.906006, 0.375732, 
18.44, 4926.573200, 0.901855, 0.399902, 
18.45, 4835.664100, 0.884766, 0.447998, 
18.46, 4664.335400, 0.897217, 0.485596, 
18.47, 4468.531300, 0.889160, 0.494629, 
18.48, 4272.727100, 0.884521, 0.510986, 
18.49, 4066.433300, 0.883789, 0.515381, 
18.50, 3905.594200, 0.884277, 0.506836, 
18.51, 3772.727100, 0.870850, 0.503906, 
18.52, 3650.349400, 0.870361, 0.523926, 
18.53, 3503.496300, 0.868896, 0.532227, 
18.54, 3391.608200, 0.865723, 0.519775, 
18.55, 3300.699200, 0.856934, 0.534912, 
18.56, 3181.818100, 0.858398, 0.551758, 
18.57, 3097.901900, 0.847412, 0.533691, 
18.58, 3048.950900, 0.848633, 0.530518, 
18.59, 3010.489300, 0.835205, 0.538086, 
18.60, 2979.020800, 0.837158, 0.534424, 
18.61, 3010.489300, 0.833252, 0.522461, 
18.62, 3024.475300, 0.823486, 0.540283, 
18.63, 3006.992900, 0.828613, 0.584473, 
18.64, 2912.587200, 0.813232, 0.617676, 
18.65, 2772.727100, 0.804932, 0.634277, 
18.66, 2629.370600, 0.810547, 0.640869, 
18.67, 2461.538300, 0.807861, 0.654785, 
18.68, 2269.230700, 0.810791, 0.660400, 
18.69, 2115.384500, 0.806885, 0.649170, 
18.70, 1989.510400, 0.807129, 0.644043, 
18.71, 1881.118800, 0.795654, 0.636230, 
18.72, 1800.699200, 0.794922, 0.646240, 
18.73, 1685.314600, 0.784180, 0.668945, 
18.74, 1527.971900, 0.783936, 0.672607, 
18.75, 1388.111800, 0.783936, 0.671875, 
18.76, 1255.244800, 0.776855, 0.678711, 
18.77, 1104.895000, 0.784180, 0.687500, 
18.78, 930.069890, 0.777588, 0.691895, 
18.79, 762.237730, 0.782959, 0.688721, 
18.80, 608.391600, 0.778564, 0.677734, 
18.81, 482.517460, 0.770020, 0.675537, 
18.82, 349.650330, 0.783936, 0.697021, 
18.83, 150.349640, 0.781006, 0.739014, 
18.84, -157.342650, 0.780762, 0.770020, 
18.85, -472.027950, 0.783691, 0.756836, 
18.86, -751.748230, 0.777832, 0.742920, 
18.87, -1020.978900, 0.788330, 0.743652, 
18.88, -1325.174800, 0.781250, 0.742432, 
18.89, -1608.391500, 0.796631, 0.755615, 
18.90, -1968.531400, 0.784912, 0.772705, 
18.91, -2370.629200, 0.797363, 0.750977, 
18.92, -2692.307600, 0.785645, 0.741211, 
18.93, -3017.482400, 0.795166, 0.747314, 
18.94, -3377.622300, 0.787354, 0.726074, 
18.95, -3688.811000, 0.798340, 0.689697, 
18.96, -3965.034700, 0.801514, 0.674316, 
18.97, -4206.293500, 0.800781, 0.656982, 
18.98, -4461.538100, 0.812012, 0.649658, 
18.99, -4737.762200, 0.816406, 0.654297, 
19.00, -5020.979000, 0.824707, 0.627930, 
19.01, -5262.237300, 0.825195, 0.593750, 
19.02, -5468.531300, 0.827637, 0.557373, 
19.03, -5611.887700, 0.839600, 0.534912, 
19.04, -5744.754900, 0.831543, 0.515381, 
19.05, -5895.104500, 0.847412, 0.490479, 
19.06, -5979.020500, 0.849609, 0.464355, 
19.07, -6062.937000, 0.868164, 0.447998, 
19.08, -6153.845700, 0.862061, 0.439209, 
19.09, -6297.202600, 0.867920, 0.431641, 
19.10, -6433.565900, 0.877441, 0.410156, 
19.11, -6604.895000, 0.881348, 0.395264, 
19.12, -6692.307600, 0.885986, 0.362549, 
19.13, -6699.300300, 0.894775, 0.318359, 
19.14, -6741.258300, 0.893799, 0.290527, 
19.15, -6888.111300, 0.902100, 0.263428, 
19.16, -6825.174300, 0.906006, 0.236328, 
19.17, -6909.090800, 0.905273, 0.204834, 
19.18, -6776.223600, 0.912354, 0.182617, 
19.19, -6877.622100, 0.917969, 0.171387, 
19.20, -6905.594200, 0.921631, 0.146240, 
19.21, -6895.104500, 0.932861, 0.127441, 
19.22, -6860.139600, 0.924805, 0.097412, 
19.23, -6730.769000, 0.930908, 0.075684, 
19.24, -6744.754900, 0.930176, 0.057617, 
19.25, -6653.845700, 0.938477, 0.017090, 
19.26, -6674.824700, 0.943848, -0.008545, 
19.27, -6674.824700, 0.933350, -0.022217, 
19.28, -6632.866700, 0.939453, -0.054688, 
19.29, -6503.496100, 0.943848, -0.087158, 
19.30, -6363.636200, 0.934326, -0.118164, 
19.31, -6227.272500, 0.941650, -0.122559, 
19.32, -6139.859900, 0.940186, -0.126465, 
19.33, -6059.440400, 0.941162, -0.156982, 
19.34, -5979.020500, 0.956299, -0.161133, 
19.35, -5919.580100, 0.926270, -0.170166, 
19.36, -5898.601100, 0.929443, -0.167236, 
19.37, -5895.104500, 0.927490, -0.186523, 
19.38, -5902.097700, 0.930908, -0.201660, 
19.39, -5916.083500, 0.912842, -0.222656, 
19.40, -5916.083500, 0.913574, -0.256104, 
19.41, -5888.111800, 0.909180, -0.280518, 
19.42, -5821.678200, 0.919189, -0.303467, 
19.43, -5776.223600, 0.910400, -0.303223, 
19.44, -5783.216300, 0.887451, -0.301514, 
19.45, -5832.167500, 0.891602, -0.296143, 
19.46, -5902.097700, 0.883789, -0.301270, 
19.47, -5982.517100, 0.867920, -0.340088, 
19.48, -6017.482400, 0.873779, -0.386230, 
19.49, -5979.020500, 0.861084, -0.420898, 
19.50, -5895.104500, 0.857178, -0.446289, 
19.51, -5807.691900, 0.857422, -0.463867, 
19.52, -5716.782700, 0.835205, -0.481445, 
19.53, -5657.342300, 0.835938, -0.486572, 
19.54, -5594.405300, 0.830322, -0.505615, 
19.55, -5531.468300, 0.815674, -0.516357, 
19.56, -5482.517100, 0.813232, -0.525391, 
19.57, -5409.090800, 0.807861, -0.563721, 
19.58, -5300.699200, 0.792236, -0.596924, 
19.59, -5094.405300, 0.784912, -0.650879, 
19.60, -4842.657200, 0.784424, -0.666992, 
19.61, -4601.398400, 0.774414, -0.664307, 
19.62, -4440.559100, 0.772705, -0.639893, 
19.63, -4311.188500, 0.754395, -0.649902, 
19.64, -4209.790000, 0.748291, -0.667236, 
19.65, -4080.419400, 0.756836, -0.657227, 
19.66, -3989.510300, 0.740234, -0.665527, 
19.67, -3905.594200, 0.732422, -0.686279, 
19.68, -3762.237500, 0.727783, -0.718506, 
19.69, -3594.405500, 0.718750, -0.741211, 
19.70, -3395.104700, 0.721680, -0.752686, 
19.71, -3185.314500, 0.703125, -0.741943, 
19.72, -3045.454300, 0.702148, -0.729492, 
19.73, -2937.062700, 0.699707, -0.727783, 
19.74, -2825.174800, 0.689941, -0.738770, 
19.75, -2692.307600, 0.692627, -0.760254, 
19.76, -2531.468500, 0.688232, -0.765869, 
19.77, -2388.111800, 0.683350, -0.771240, 
19.78, -2230.769000, 0.676514, -0.770996, 
19.79, -2090.908900, 0.664063, -0.771729, 
19.80, -1979.020900, 0.665039, -0.761963, 
19.81, -1895.104900, 0.664551, -0.754395, 
19.82, -1835.664300, 0.666992, -0.747559, 
19.83, -1797.202800, 0.649414, -0.756592, 
19.84, -1730.769200, 0.665039, -0.766846, 
19.85, -1678.321700, 0.634766, -0.756104, 
19.86, -1657.342500, 0.639404, -0.758545, 
19.87, -1608.391500, 0.634277, -0.772217, 
19.88, -1562.937000, 0.631592, -0.777344, 
19.89, -1503.496500, 0.649414, -0.773438, 
19.90, -1461.538500, 0.626221, -0.779541, 
19.91, -1423.076900, 0.624512, -0.772461, 
19.92, -1395.104900, 0.628662, -0.768555, 
19.93, -1412.587400, 0.614502, -0.765381, 
19.94, -1398.601300, 0.619629, -0.785156, 
19.95, -1356.643300, 0.613525, -0.801514, 
19.96, -1290.209700, 0.614014, -0.793701, 
19.97, -1248.251700, 0.601074, -0.789063, 
19.98, -1237.762200, 0.608643, -0.773438, 
19.99, -1244.755100, 0.608154, -0.775391, 
