0.00, 62.937061, 0.985352, 0.010742, 
0.01, 76.923073, 1.001465, 0.012207, 
0.02, 48.951046, 1.035889, 0.014893, 
0.03, 41.958038, 0.986328, 0.010986, 
0.04, 27.972027, 0.988525, 0.012451, 
0.05, 6.993007, 0.976807, 0.012207, 
0.06, -41.958038, 1.027100, -0.029297, 
0.07, -52.447552, 1.166748, -0.040039, 
0.08, 38.461536, 1.039063, 0.012939, 
0.09, 83.916077, 0.971924, -0.007080, 
0.10, 59.440556, 0.981201, 0.008057, 
0.11, -3.496503, 0.978271, -0.019043, 
0.12, 10.489510, 0.978760, 0.005859, 
0.13, 59.440556, 0.966064, 0.000732, 
0.14, 66.433563, 1.032227, -0.000244, 
0.15, 83.916077, 0.978271, -0.006592, 
0.16, 80.419579, 1.011963, -0.003662, 
0.17, 94.405586, 0.980225, -0.010010, 
0.18, 115.384610, 0.997314, 0.000732, 
0.19, 115.384610, 0.984375, -0.004395, 
0.20, 111.888110, 1.016846, 0.001953, 
0.21, 97.902092, 1.020508, -0.007813, 
0.22, 101.398600, 0.996582, 0.000732, 
0.23, 108.391600, 0.986084, 0.003906, 
0.24, 115.384610, 0.993652, -0.004395, 
0.25, 125.874120, 1.003174, -0.008545, 
0.26, 129.370620, 0.996094, -0.007568, 
0.27, 143.356640, 1.000732, -0.007568, 
0.28, 157.342650, 1.001221, -0.001221, 
0.29, 157.342650, 0.994141, -0.002441, 
0.30, 174.825160, 0.998047, -0.000488, 
0.31, 174.825160, 0.998047, 0.005859, 
0.32, 174.825160, 0.995361, -0.001221, 
0.33, 181.818180, 0.994141, 0.002197, 
0.34, 195.804180, 0.993896, 0.003174, 
0.35, 188.811170, 0.998535, 0.001953, 
0.36, 178.321670, 0.990723, 0.004150, 
0.37, 188.811170, 0.999023, 0.004150, 
0.38, 181.818180, 1.002441, -0.000000, 
0.39, 164.335660, 1.006104, 0.009277, 
0.40, 150.349640, 0.998779, 0.008057, 
0.41, 129.370620, 1.000488, 0.005371, 
0.42, 125.874120, 0.997314, 0.009033, 
0.43, 108.391600, 0.999756, 0.011475, 
0.44, 97.902092, 1.003662, 0.009521, 
0.45, 97.902092, 1.003174, -0.003174, 
0.46, 90.909088, 0.999756, 0.010986, 
0.47, 76.923073, 0.997314, 0.015625, 
0.48, 62.937061, 0.993408, 0.010742, 
0.49, 20.979019, 0.997803, 0.014893, 
0.50, -0.000000, 0.999023, 0.012939, 
0.51, -31.468531, 1.001709, 0.013672, 
0.52, -55.944054, 1.009033, 0.011475, 
0.53, -80.419579, 1.008545, 0.013672, 
0.54, -118.881110, 1.006348, 0.011719, 
0.55, -146.853130, 0.991943, 0.013428, 
0.56, -164.335660, 1.002441, -0.000488, 
0.57, -174.825160, 0.993164, 0.002197, 
0.58, -174.825160, 0.998535, -0.000244, 
0.59, -181.818180, 1.010742, -0.002197, 
0.60, -192.307680, 0.998779, 0.002197, 
0.61, -209.790210, 1.001221, 0.002441, 
0.62, -216.783200, 1.005371, 0.000732, 
0.63, -213.286700, 0.991455, -0.001953, 
0.64, -230.769230, 0.997559, -0.010986, 
0.65, -258.741240, 0.986572, -0.005127, 
0.66, -265.734250, 1.006104, -0.014648, 
0.67, -258.741240, 1.001465, -0.005371, 
0.68, -272.727260, 1.000000, -0.005371, 
0.69, -283.216770, 1.002197, -0.009277, 
0.70, -293.706270, 0.999756, -0.003662, 
0.71, -321.678310, 0.997070, -0.015869, 
0.72, -332.167820, 0.997314, -0.018799, 
0.73, -335.664310, 0.996338, -0.017090, 
0.74, -349.650330, 0.988037, -0.011475, 
0.75, -381.118870, 1.003174, -0.015137, 
0.76, -391.608370, 0.998779, -0.029785, 
0.77, -384.615360, 1.006348, -0.028320, 
0.78, -377.622340, 1.000244, -0.016846, 
0.79, -398.601380, 0.997559, -0.029541, 
0.80, -402.097870, 0.992920, -0.018555, 
0.81, -430.069920, 0.997559, -0.023682, 
0.82, -444.055910, 0.996582, -0.026367, 
0.83, -468.531430, 1.004883, -0.030518, 
0.84, -475.524440, 1.000488, -0.024170, 
0.85, -510.489470, 1.003418, -0.032471, 
0.86, -531.468510, 0.999756, -0.032227, 
0.87, -548.951050, 0.991211, -0.043701, 
0.88, -548.951050, 1.004150, -0.053711, 
0.89, -559.440550, 1.002930, -0.040283, 
0.90, -569.930050, 0.990479, -0.045410, 
0.91, -583.916080, 0.995117, -0.045654, 
0.92, -597.902100, 1.005127, -0.052734, 
0.93, -618.881100, 0.996582, -0.052979, 
0.94, -608.391600, 0.990479, -0.059326, 
0.95, -618.881100, 0.991943, -0.062500, 
0.96, -618.881100, 0.986328, -0.062500, 
0.97, -618.881100, 1.000244, -0.063721, 
0.98, -618.881100, 0.998779, -0.072754, 
0.99, -608.391600, 0.989258, -0.065674, 
1.00, -611.888060, 0.986816, -0.071777, 
1.01, -618.881100, 0.983154, -0.075195, 
1.02, -629.370610, 0.988037, -0.072998, 
1.03, -622.377560, 0.996826, -0.081299, 
1.04, -629.370610, 0.984619, -0.079590, 
1.05, -632.867130, 0.991455, -0.078369, 
1.06, -664.335630, 1.013184, -0.084961, 
1.07, -657.342650, 0.986328, -0.089844, 
1.08, -657.342650, 1.000000, -0.091797, 
1.09, -667.832150, 0.996338, -0.096191, 
1.10, -664.335630, 0.998047, -0.098145, 
1.11, -660.839110, 1.002686, -0.095703, 
1.12, -650.349610, 0.993408, -0.106445, 
1.13, -636.363590, 0.984375, -0.105469, 
1.14, -636.363590, 0.993652, -0.104736, 
1.15, -629.370610, 0.996094, -0.106934, 
1.16, -615.384580, 0.995605, -0.112305, 
1.17, -601.398560, 0.993652, -0.120361, 
1.18, -580.419560, 0.988525, -0.126221, 
1.19, -573.426570, 0.990234, -0.118652, 
1.20, -562.937010, 0.987549, -0.126709, 
1.21, -538.461490, 0.988281, -0.127686, 
1.22, -503.496490, 0.995850, -0.136475, 
1.23, -479.020970, 0.994141, -0.136475, 
1.24, -458.041930, 0.988037, -0.138428, 
1.25, -451.048920, 0.985352, -0.136963, 
1.26, -416.083890, 0.985596, -0.142578, 
1.27, -388.111880, 0.994629, -0.145264, 
1.28, -370.629360, 0.983643, -0.148682, 
1.29, -342.657320, 0.978027, -0.152832, 
1.30, -314.685300, 0.995361, -0.150391, 
1.31, -286.713290, 0.986816, -0.153809, 
1.32, -241.258730, 0.986572, -0.150635, 
1.33, -202.797200, 0.983643, -0.150146, 
1.34, -153.846150, 0.979980, -0.154053, 
1.35, -115.384610, 0.994141, -0.157227, 
1.36, -76.923073, 0.992920, -0.157227, 
1.37, -24.475523, 0.984619, -0.162354, 
1.38, 3.496503, 0.991211, -0.157959, 
1.39, 41.958038, 0.984131, -0.152588, 
1.40, 48.951046, 0.999023, -0.147461, 
1.41, 76.923073, 0.991455, -0.148193, 
1.42, 90.909088, 0.997314, -0.158447, 
1.43, 118.881110, 0.985352, -0.153809, 
1.44, 136.363630, 0.997803, -0.156006, 
1.45, 171.328660, 0.989014, -0.158203, 
1.46, 202.797200, 0.988525, -0.155029, 
1.47, 227.272720, 0.979492, -0.158691, 
1.48, 269.230740, 0.982422, -0.162354, 
1.49, 304.195800, 0.987549, -0.152100, 
1.50, 328.671330, 0.988037, -0.154785, 
1.51, 370.629360, 0.978271, -0.151123, 
1.52, 398.601380, 0.986572, -0.154053, 
1.53, 430.069920, 0.980225, -0.154297, 
1.54, 489.510470, 0.993408, -0.146973, 
1.55, 503.496490, 0.999023, -0.143066, 
1.56, 527.971980, 0.984375, -0.147461, 
1.57, 534.965030, 0.993408, -0.135010, 
1.58, 534.965030, 0.995361, -0.136719, 
1.59, 524.475520, 0.996094, -0.126221, 
1.60, 527.971980, 0.984375, -0.129883, 
1.61, 527.971980, 0.986816, -0.134277, 
1.62, 520.979000, 0.994873, -0.127686, 
1.63, 527.971980, 0.995361, -0.128418, 
1.64, 520.979000, 0.987061, -0.116455, 
1.65, 503.496490, 1.002197, -0.121338, 
1.66, 486.013980, 0.987793, -0.124512, 
1.67, 493.006960, 0.998779, -0.120361, 
1.68, 493.006960, 0.985107, -0.120605, 
1.69, 482.517460, 0.980957, -0.124756, 
1.70, 482.517460, 0.991699, -0.130859, 
1.71, 468.531430, 0.986328, -0.101807, 
1.72, 437.062930, 0.998535, -0.106445, 
1.73, 416.083890, 0.979004, -0.112793, 
1.74, 405.594390, 0.989990, -0.111328, 
1.75, 391.608370, 0.990967, -0.101807, 
1.76, 377.622340, 0.996582, -0.107422, 
1.77, 391.608370, 0.990234, -0.120850, 
1.78, 444.055910, 0.981689, -0.129639, 
1.79, 465.034940, 0.976807, -0.100098, 
1.80, 419.580410, 1.003418, -0.065674, 
1.81, 346.153840, 0.996338, -0.065918, 
1.82, 283.216770, 0.999268, -0.092285, 
1.83, 258.741240, 0.999268, -0.107666, 
1.84, 276.223750, 0.977051, -0.102051, 
1.85, 265.734250, 1.003174, -0.110840, 
1.86, 265.734250, 0.995850, -0.115967, 
1.87, 300.699280, 0.997559, -0.110107, 
1.88, 290.209780, 0.988525, -0.115234, 
1.89, 332.167820, 0.994629, -0.132324, 
1.90, 381.118870, 1.004639, -0.122559, 
1.91, 409.090880, 0.996338, -0.120605, 
1.92, 444.055910, 0.985107, -0.116211, 
1.93, 465.034940, 0.991211, -0.111328, 
1.94, 482.517460, 0.999023, -0.103760, 
1.95, 506.992980, 1.002441, -0.118652, 
1.96, 583.916080, 0.997803, -0.109375, 
1.97, 587.412540, 0.995361, -0.113281, 
1.98, 674.825130, 0.994629, -0.131592, 
1.99, 772.727230, 0.998047, -0.132080, 
2.00, 870.629330, 0.998779, -0.124756, 
2.01, 905.594360, 0.990967, -0.078857, 
2.02, 856.643310, 0.986084, -0.056885, 
2.03, 776.223750, 1.007080, -0.052002, 
2.04, 720.279660, 1.009277, -0.062744, 
2.05, 664.335630, 0.995117, -0.065918, 
2.06, 650.349610, 1.011475, -0.104004, 
2.07, 702.797180, 0.982422, -0.098145, 
2.08, 713.286680, 1.012207, -0.077637, 
2.09, 723.776180, 0.983154, -0.093262, 
2.10, 776.223750, 1.003906, -0.092041, 
2.11, 793.706240, 0.986084, -0.069580, 
2.12, 797.202760, 0.993408, -0.063965, 
2.13, 786.713260, 1.000732, -0.057129, 
2.14, 776.223750, 0.991211, -0.055908, 
2.15, 758.741210, 1.002686, -0.068359, 
2.16, 811.188780, 1.002441, -0.078613, 
2.17, 867.132810, 0.995605, -0.094727, 
2.18, 954.545410, 0.999512, -0.090088, 
2.19, 1041.958000, 0.995605, -0.086426, 
2.20, 1122.377600, 0.990479, -0.081787, 
2.21, 1206.293700, 0.995850, -0.079834, 
2.22, 1258.741200, 1.000488, -0.052979, 
2.23, 1269.230700, 1.001221, -0.034912, 
2.24, 1272.727200, 0.978760, -0.040527, 
2.25, 1283.216700, 0.991699, -0.038330, 
2.26, 1269.230700, 1.007080, -0.028076, 
2.27, 1283.216700, 0.994141, -0.031250, 
2.28, 1290.209700, 0.990723, -0.038818, 
2.29, 1325.174800, 1.001709, -0.035156, 
2.30, 1367.132800, 0.986572, -0.028564, 
2.31, 1367.132800, 0.999512, -0.015625, 
2.32, 1384.615400, 0.998779, -0.011230, 
2.33, 1395.104900, 0.991211, -0.005859, 
2.34, 1398.601300, 0.993408, 0.001709, 
2.35, 1388.111800, 1.014160, 0.015137, 
2.36, 1360.139800, 0.999023, 0.011963, 
2.37, 1367.132800, 0.994385, 0.014160, 
2.38, 1374.125900, 0.991943, 0.010986, 
2.39, 1391.608300, 1.003174, 0.016113, 
2.40, 1405.594400, 0.997559, 0.015137, 
2.41, 1416.083900, 0.997559, 0.024170, 
2.42, 1419.580300, 0.993896, 0.025391, 
2.43, 1412.587400, 0.992432, 0.038086, 
2.44, 1391.608300, 0.998291, 0.052734, 
2.45, 1374.125900, 0.988281, 0.043457, 
2.46, 1374.125900, 0.988281, 0.036865, 
2.47, 1416.083900, 0.997559, 0.035156, 
2.48, 1433.566400, 0.998047, 0.040771, 
2.49, 1468.531400, 1.001465, 0.045654, 
2.50, 1496.503400, 0.995361, 0.054199, 
2.51, 1517.482400, 0.989502, 0.051025, 
2.52, 1545.454500, 0.986816, 0.057617, 
2.53, 1601.398600, 1.000244, 0.068359, 
2.54, 1650.349600, 1.001953, 0.066162, 
2.55, 1709.790200, 0.996338, 0.060059, 
2.56, 1772.727200, 0.997070, 0.072998, 
2.57, 1807.692300, 0.991211, 0.087402, 
2.58, 1846.153800, 0.991699, 0.092285, 
2.59, 1860.139800, 0.981934, 0.097412, 
2.60, 1881.118800, 0.978760, 0.110596, 
2.61, 1881.118800, 0.994385, 0.111816, 
2.62, 1867.132800, 0.993408, 0.128662, 
2.63, 1828.671300, 0.999268, 0.148193, 
2.64, 1793.706200, 0.994629, 0.145752, 
2.65, 1765.734100, 0.981201, 0.143799, 
2.66, 1730.769200, 0.983398, 0.151123, 
2.67, 1688.811200, 0.984863, 0.155762, 
2.68, 1650.349600, 0.985352, 0.167480, 
2.69, 1618.881100, 0.989990, 0.171387, 
2.70, 1594.405500, 0.993408, 0.164307, 
2.71, 1587.412500, 0.981689, 0.173584, 
2.72, 1601.398600, 0.988281, 0.169678, 
2.73, 1601.398600, 0.979004, 0.173828, 
2.74, 1587.412500, 0.984619, 0.184814, 
2.75, 1590.909100, 0.968750, 0.192627, 
2.76, 1583.916000, 0.972412, 0.198975, 
2.77, 1576.923000, 0.976074, 0.197021, 
2.78, 1566.433500, 0.983154, 0.198242, 
2.79, 1559.440400, 0.987549, 0.198730, 
2.80, 1559.440400, 0.973389, 0.201172, 
2.81, 1552.447500, 0.977295, 0.209961, 
2.82, 1531.468500, 0.976563, 0.221680, 
2.83, 1520.979000, 0.977539, 0.224854, 
2.84, 1513.986000, 0.967041, 0.212402, 
2.85, 1527.971900, 0.978760, 0.205811, 
2.86, 1566.433500, 0.970947, 0.203613, 
2.87, 1625.874000, 0.967041, 0.206299, 
2.88, 1699.300700, 0.969971, 0.198486, 
2.89, 1779.720200, 0.962158, 0.221680, 
2.90, 1839.160800, 0.963867, 0.228760, 
2.91, 1881.118800, 0.960449, 0.240479, 
2.92, 1937.062900, 0.962891, 0.237061, 
2.93, 1979.020900, 0.958740, 0.253174, 
2.94, 2013.986000, 0.957520, 0.261230, 
2.95, 2041.957900, 0.955322, 0.267334, 
2.96, 2066.433300, 0.952881, 0.267090, 
2.97, 2094.405500, 0.946289, 0.275635, 
2.98, 2115.384500, 0.943848, 0.288574, 
2.99, 2122.377400, 0.936035, 0.304443, 
3.00, 2090.908900, 0.955078, 0.316162, 
3.01, 2059.440400, 0.944336, 0.326660, 
3.02, 2017.482400, 0.950439, 0.338135, 
3.03, 1958.041900, 0.940674, 0.331299, 
3.04, 1937.062900, 0.940186, 0.325684, 
3.05, 1940.559300, 0.944824, 0.327393, 
3.06, 1916.083900, 0.938477, 0.346680, 
3.07, 1867.132800, 0.931396, 0.354004, 
3.08, 1849.650300, 0.936279, 0.358398, 
3.09, 1835.664300, 0.936523, 0.359619, 
3.10, 1832.167700, 0.923096, 0.363525, 
3.11, 1842.657200, 0.919922, 0.351563, 
3.12, 1881.118800, 0.918213, 0.349609, 
3.13, 1916.083900, 0.925781, 0.364502, 
3.14, 1937.062900, 0.921875, 0.376465, 
3.15, 1947.552400, 0.921387, 0.374756, 
3.16, 1968.531400, 0.915283, 0.376709, 
3.17, 2003.496500, 0.915527, 0.373291, 
3.18, 2034.965000, 0.910400, 0.383301, 
3.19, 2073.426500, 0.915527, 0.379639, 
3.20, 2129.370600, 0.898193, 0.387939, 
3.21, 2188.811000, 0.903320, 0.387695, 
3.22, 2237.762200, 0.895752, 0.393555, 
3.23, 2272.727100, 0.901611, 0.407959, 
3.24, 2307.692100, 0.907959, 0.414795, 
3.25, 2328.671100, 0.893799, 0.418213, 
3.26, 2353.146700, 0.883789, 0.427490, 
3.27, 2381.118700, 0.894531, 0.450195, 
3.28, 2374.125700, 0.880859, 0.458252, 
3.29, 2388.111800, 0.877441, 0.471191, 
3.30, 2377.622300, 0.868408, 0.478516, 
3.31, 2367.132800, 0.872070, 0.480957, 
3.32, 2370.629200, 0.869873, 0.489014, 
3.33, 2353.146700, 0.866699, 0.487061, 
3.34, 2367.132800, 0.866943, 0.481445, 
3.35, 2409.090800, 0.856689, 0.478516, 
3.36, 2451.048800, 0.871582, 0.485840, 
3.37, 2503.496300, 0.850830, 0.488770, 
3.38, 2538.461400, 0.843750, 0.506592, 
3.39, 2541.958000, 0.833008, 0.531982, 
3.40, 2503.496300, 0.843750, 0.546631, 
3.41, 2440.559300, 0.842529, 0.555908, 
3.42, 2374.125700, 0.835693, 0.575439, 
3.43, 2297.202600, 0.827148, 0.583740, 
3.44, 2230.769000, 0.825928, 0.573975, 
3.45, 2185.314700, 0.810547, 0.571045, 
3.46, 2157.342500, 0.815918, 0.569580, 
3.47, 2136.363500, 0.814209, 0.572510, 
3.48, 2111.887900, 0.811279, 0.581055, 
3.49, 2101.398400, 0.807129, 0.579834, 
3.50, 2059.440400, 0.803223, 0.610596, 
3.51, 1972.027800, 0.805664, 0.634277, 
3.52, 1863.636200, 0.798096, 0.648193, 
3.53, 1748.251700, 0.791992, 0.643066, 
3.54, 1657.342500, 0.790283, 0.644531, 
3.55, 1548.950900, 0.794434, 0.649170, 
3.56, 1437.062900, 0.791504, 0.658447, 
3.57, 1332.167700, 0.783447, 0.646729, 
3.58, 1244.755100, 0.780762, 0.644043, 
3.59, 1157.342700, 0.777832, 0.656250, 
3.60, 1038.461500, 0.779785, 0.667725, 
3.61, 898.601380, 0.792236, 0.682129, 
3.62, 758.741210, 0.780029, 0.688477, 
3.63, 597.902100, 0.789063, 0.693115, 
3.64, 409.090880, 0.779297, 0.695557, 
3.65, 251.748250, 0.788818, 0.692383, 
3.66, 83.916077, 0.768311, 0.687988, 
3.67, -76.923073, 0.787109, 0.691895, 
3.68, -230.769230, 0.784668, 0.698975, 
3.69, -405.594390, 0.777588, 0.694824, 
3.70, -562.937010, 0.778320, 0.699707, 
3.71, -713.286680, 0.786133, 0.685547, 
3.72, -877.622310, 0.781006, 0.688721, 
3.73, -1017.482500, 0.785889, 0.677979, 
3.74, -1178.321700, 0.793213, 0.682861, 
3.75, -1349.650300, 0.786621, 0.673340, 
3.76, -1499.999900, 0.787109, 0.656494, 
3.77, -1622.377600, 0.792725, 0.654297, 
3.78, -1769.230700, 0.804199, 0.654541, 
3.79, -1888.111800, 0.795410, 0.637451, 
3.80, -2010.489400, 0.810303, 0.628174, 
3.81, -2115.384500, 0.805420, 0.624756, 
3.82, -2220.279500, 0.816650, 0.617920, 
3.83, -2318.181600, 0.826416, 0.609131, 
3.84, -2409.090800, 0.824951, 0.604248, 
3.85, -2482.517300, 0.826904, 0.583008, 
3.86, -2534.964800, 0.817139, 0.570068, 
3.87, -2594.405500, 0.823486, 0.553223, 
3.88, -2625.874000, 0.825928, 0.558838, 
3.89, -2674.825000, 0.839111, 0.547119, 
3.90, -2709.790000, 0.835205, 0.529785, 
3.91, -2706.293700, 0.847900, 0.521973, 
3.92, -2748.251700, 0.848633, 0.516357, 
3.93, -2758.741200, 0.854736, 0.499023, 
3.94, -2769.230700, 0.865967, 0.494873, 
3.95, -2776.223600, 0.863281, 0.486328, 
3.96, -2797.202600, 0.868164, 0.484863, 
3.97, -2818.181600, 0.872559, 0.476563, 
3.98, -2839.160600, 0.883057, 0.456299, 
3.99, -2846.153800, 0.882080, 0.450439, 
4.00, -2846.153800, 0.879395, 0.436768, 
4.01, -2828.671100, 0.886230, 0.428955, 
4.02, -2818.181600, 0.894775, 0.409424, 
4.03, -2772.727100, 0.903564, 0.394287, 
4.04, -2723.776100, 0.897461, 0.410889, 
4.05, -2727.272700, 0.899902, 0.399414, 
4.06, -2695.804000, 0.911865, 0.377441, 
4.07, -2643.356400, 0.904053, 0.369141, 
4.08, -2594.405500, 0.914795, 0.358887, 
4.09, -2559.440400, 0.924072, 0.366699, 
4.10, -2562.937000, 0.911133, 0.364990, 
4.11, -2573.426500, 0.926758, 0.354248, 
4.12, -2555.943800, 0.934082, 0.341797, 
4.13, -2552.447500, 0.930420, 0.331543, 
4.14, -2541.958000, 0.927979, 0.325684, 
4.15, -2527.971900, 0.943359, 0.313965, 
4.16, -2510.489500, 0.950439, 0.307373, 
4.17, -2472.027800, 0.937012, 0.293457, 
4.18, -2451.048800, 0.940186, 0.297363, 
4.19, -2444.055900, 0.950684, 0.291260, 
4.20, -2433.566400, 0.950928, 0.280518, 
4.21, -2416.083700, 0.961426, 0.267822, 
4.22, -2370.629200, 0.947510, 0.258545, 
4.23, -2370.629200, 0.951904, 0.258545, 
4.24, -2367.132800, 0.955322, 0.255859, 
4.25, -2356.643300, 0.962158, 0.244385, 
4.26, -2349.650100, 0.968262, 0.246582, 
4.27, -2353.146700, 0.950439, 0.230469, 
4.28, -2332.167700, 0.957520, 0.216064, 
4.29, -2300.699200, 0.965576, 0.205566, 
4.30, -2265.734100, 0.969482, 0.185791, 
4.31, -2188.811000, 0.972656, 0.186768, 
4.32, -2174.825200, 0.969727, 0.196289, 
4.33, -2153.845900, 0.967529, 0.192383, 
4.34, -2153.845900, 0.972656, 0.185547, 
4.35, -2153.845900, 0.976318, 0.179443, 
4.36, -2174.825200, 0.979736, 0.181641, 
4.37, -2206.293700, 0.975830, 0.176514, 
4.38, -2251.748000, 0.967041, 0.165527, 
4.39, -2251.748000, 0.977051, 0.170898, 
4.40, -2276.223600, 0.977539, 0.148438, 
4.41, -2269.230700, 0.981934, 0.130615, 
4.42, -2244.755100, 0.985840, 0.116943, 
4.43, -2241.258500, 0.968750, 0.114258, 
4.44, -2237.762200, 0.990723, 0.120117, 
4.45, -2230.769000, 0.995117, 0.108887, 
4.46, -2241.258500, 0.983643, 0.109863, 
4.47, -2255.244600, 0.989990, 0.094482, 
4.48, -2241.258500, 0.988281, 0.082764, 
4.49, -2248.251700, 0.986572, 0.082520, 
4.50, -2241.258500, 0.986816, 0.082031, 
4.51, -2262.237500, 0.989746, 0.077637, 
4.52, -2290.209700, 0.984863, 0.076416, 
4.53, -2335.664300, 0.984863, 0.066650, 
4.54, -2360.139600, 0.993408, 0.055176, 
4.55, -2391.608400, 0.989014, 0.045410, 
4.56, -2430.069800, 0.981445, 0.041016, 
4.57, -2461.538300, 0.982666, 0.026611, 
4.58, -2458.041700, 0.989746, 0.013916, 
4.59, -2468.531300, 0.989258, 0.024414, 
4.60, -2493.006800, 0.979980, 0.001221, 
4.61, -2500.000000, 0.996582, -0.007813, 
4.62, -2527.971900, 0.984375, -0.009521, 
4.63, -2538.461400, 0.985596, -0.018311, 
4.64, -2559.440400, 0.996826, -0.020752, 
4.65, -2583.916000, 0.988525, -0.044434, 
4.66, -2580.419400, 0.988037, -0.052246, 
4.67, -2590.908900, 0.996094, -0.050049, 
4.68, -2587.412400, 0.994629, -0.075195, 
4.69, -2555.943800, 0.989258, -0.092041, 
4.70, -2555.943800, 0.983643, -0.094238, 
4.71, -2538.461400, 0.974121, -0.104492, 
4.72, -2510.489500, 0.993652, -0.123047, 
4.73, -2454.545400, 0.984375, -0.128418, 
4.74, -2433.566400, 0.977295, -0.119629, 
4.75, -2437.062700, 0.979492, -0.127441, 
4.76, -2416.083700, 0.977783, -0.141113, 
4.77, -2416.083700, 0.978516, -0.132813, 
4.78, -2437.062700, 0.983887, -0.135986, 
4.79, -2454.545400, 0.966797, -0.161377, 
4.80, -2447.552200, 0.978760, -0.179932, 
4.81, -2395.104700, 0.981201, -0.186279, 
4.82, -2370.629200, 0.971191, -0.199463, 
4.83, -2321.678200, 0.971436, -0.209229, 
4.84, -2272.727100, 0.968750, -0.200195, 
4.85, -2279.720200, 0.968750, -0.198975, 
4.86, -2283.216800, 0.975098, -0.197021, 
4.87, -2314.685300, 0.966064, -0.204346, 
4.88, -2318.181600, 0.963379, -0.220947, 
4.89, -2325.174800, 0.961914, -0.235107, 
4.90, -2297.202600, 0.959961, -0.245361, 
4.91, -2276.223600, 0.954102, -0.252686, 
4.92, -2244.755100, 0.959961, -0.268311, 
4.93, -2199.300500, 0.956543, -0.274902, 
4.94, -2164.335400, 0.948486, -0.268066, 
4.95, -2146.853000, 0.950928, -0.274170, 
4.96, -2132.866900, 0.944580, -0.285156, 
4.97, -2108.391600, 0.949463, -0.287842, 
4.98, -2076.923100, 0.940918, -0.293701, 
4.99, -2062.937000, 0.952148, -0.302490, 
5.00, -2038.461400, 0.944824, -0.310547, 
5.01, -2041.957900, 0.937744, -0.310303, 
5.02, -2048.950900, 0.933350, -0.309570, 
5.03, -2055.943800, 0.931396, -0.304932, 
5.04, -2073.426500, 0.927734, -0.327637, 
5.05, -2069.929900, 0.937988, -0.341309, 
5.06, -2066.433300, 0.917969, -0.334961, 
5.07, -2045.454500, 0.920654, -0.360840, 
5.08, -2027.971900, 0.922363, -0.368896, 
5.09, -1979.020900, 0.928223, -0.372070, 
5.10, -1951.048800, 0.923828, -0.369385, 
5.11, -1926.573400, 0.920410, -0.370361, 
5.12, -1895.104900, 0.915527, -0.398926, 
5.13, -1849.650300, 0.922119, -0.408691, 
5.14, -1807.692300, 0.910400, -0.396729, 
5.15, -1790.209700, 0.916504, -0.397705, 
5.16, -1772.727200, 0.904297, -0.401611, 
5.17, -1765.734100, 0.902344, -0.401123, 
5.18, -1793.706200, 0.888428, -0.385498, 
5.19, -1814.685200, 0.906982, -0.403809, 
5.20, -1842.657200, 0.898438, -0.406738, 
5.21, -1881.118800, 0.892578, -0.412842, 
5.22, -1891.608300, 0.895752, -0.431641, 
5.23, -1863.636200, 0.895996, -0.454102, 
5.24, -1814.685200, 0.885498, -0.465820, 
5.25, -1776.223600, 0.883545, -0.456787, 
5.26, -1730.769200, 0.884521, -0.464111, 
5.27, -1713.286600, 0.887451, -0.450684, 
5.28, -1727.272700, 0.869385, -0.443359, 
5.29, -1755.244600, 0.872314, -0.450439, 
5.30, -1790.209700, 0.868164, -0.456055, 
5.31, -1790.209700, 0.866699, -0.487549, 
5.32, -1776.223600, 0.864014, -0.488037, 
5.33, -1748.251700, 0.863525, -0.501709, 
5.34, -1720.279700, 0.840820, -0.491211, 
5.35, -1720.279700, 0.857910, -0.488037, 
5.36, -1758.741200, 0.850830, -0.469238, 
5.37, -1839.160800, 0.843018, -0.471924, 
5.38, -1937.062900, 0.837891, -0.487549, 
5.39, -1999.999900, 0.844727, -0.478271, 
5.40, -2083.916000, 0.838623, -0.484131, 
5.41, -2157.342500, 0.838379, -0.505371, 
5.42, -2185.314700, 0.823975, -0.536133, 
5.43, -2160.839100, 0.829834, -0.546875, 
5.44, -2122.377400, 0.811523, -0.565430, 
5.45, -2052.447500, 0.819336, -0.586182, 
5.46, -2010.489400, 0.813232, -0.569824, 
5.47, -1982.517300, 0.802734, -0.574463, 
5.48, -1958.041900, 0.806641, -0.566406, 
5.49, -1954.545400, 0.804443, -0.571777, 
5.50, -1958.041900, 0.789063, -0.570801, 
5.51, -1979.020900, 0.798828, -0.572754, 
5.52, -1972.027800, 0.797607, -0.578125, 
5.53, -1999.999900, 0.788574, -0.589355, 
5.54, -1986.013900, 0.792725, -0.602051, 
5.55, -1986.013900, 0.781250, -0.599609, 
5.56, -1996.503400, 0.770264, -0.602783, 
5.57, -1993.007000, 0.772217, -0.617432, 
5.58, -1944.055900, 0.763672, -0.628418, 
5.59, -1905.594400, 0.767334, -0.648926, 
5.60, -1832.167700, 0.763916, -0.644043, 
5.61, -1811.188700, 0.745850, -0.647705, 
5.62, -1790.209700, 0.752686, -0.639648, 
5.63, -1776.223600, 0.741943, -0.635986, 
5.64, -1762.237700, 0.744141, -0.646240, 
5.65, -1751.748200, 0.739746, -0.656738, 
5.66, -1709.790200, 0.742920, -0.674805, 
5.67, -1643.356600, 0.737793, -0.700439, 
5.68, -1545.454500, 0.735107, -0.695801, 
5.69, -1461.538500, 0.726318, -0.698242, 
5.70, -1388.111800, 0.726563, -0.695801, 
5.71, -1328.671300, 0.729492, -0.692627, 
5.72, -1297.202800, 0.721191, -0.685059, 
5.73, -1272.727200, 0.721191, -0.681641, 
5.74, -1269.230700, 0.712646, -0.679688, 
5.75, -1272.727200, 0.708496, -0.694824, 
5.76, -1220.279700, 0.715088, -0.709473, 
5.77, -1153.846100, 0.696777, -0.726807, 
5.78, -1045.454500, 0.704102, -0.742432, 
5.79, -937.062870, 0.706299, -0.741699, 
5.80, -835.664310, 0.689697, -0.739746, 
5.81, -755.244690, 0.693359, -0.732910, 
5.82, -681.818180, 0.701660, -0.735596, 
5.83, -587.412540, 0.682861, -0.759033, 
5.84, -412.587400, 0.709961, -0.775635, 
5.85, -255.244740, 0.688232, -0.768311, 
5.86, -122.377620, 0.689697, -0.759277, 
5.87, -24.475523, 0.698242, -0.739746, 
5.88, 48.951046, 0.691406, -0.728516, 
5.89, 97.902092, 0.692139, -0.726074, 
5.90, 157.342650, 0.701416, -0.729980, 
5.91, 234.265720, 0.690186, -0.742188, 
5.92, 318.181790, 0.691406, -0.767578, 
5.93, 479.020970, 0.708984, -0.784668, 
5.94, 685.314640, 0.685303, -0.789307, 
5.95, 891.608340, 0.690430, -0.789307, 
5.96, 1073.426500, 0.702881, -0.770020, 
5.97, 1230.769200, 0.697998, -0.747070, 
5.98, 1335.664300, 0.707764, -0.733154, 
5.99, 1440.559300, 0.704834, -0.732910, 
6.00, 1545.454500, 0.696777, -0.737061, 
6.01, 1643.356600, 0.707031, -0.741211, 
6.02, 1769.230700, 0.707764, -0.738037, 
6.03, 1895.104900, 0.707764, -0.739746, 
6.04, 2027.971900, 0.725098, -0.724121, 
6.05, 2132.866900, 0.708252, -0.709229, 
6.06, 2220.279500, 0.719238, -0.708008, 
6.07, 2307.692100, 0.729736, -0.694580, 
6.08, 2381.118700, 0.731689, -0.685547, 
6.09, 2433.566400, 0.739990, -0.668457, 
6.10, 2451.048800, 0.740723, -0.657227, 
6.11, 2503.496300, 0.751465, -0.664063, 
6.12, 2587.412400, 0.761719, -0.681641, 
6.13, 2678.321500, 0.768066, -0.667480, 
6.14, 2776.223600, 0.764404, -0.662598, 
6.15, 2853.146700, 0.760254, -0.646729, 
6.16, 2912.587200, 0.774658, -0.629639, 
6.17, 2954.545400, 0.770752, -0.606934, 
6.18, 2937.062700, 0.781006, -0.578613, 
6.19, 2898.601300, 0.783936, -0.561035, 
6.20, 2825.174800, 0.799072, -0.553711, 
6.21, 2765.734100, 0.800293, -0.557617, 
6.22, 2758.741200, 0.801270, -0.570557, 
6.23, 2751.748000, 0.814697, -0.570068, 
6.24, 2783.216600, 0.816650, -0.569336, 
6.25, 2804.195600, 0.818604, -0.552002, 
6.26, 2811.188700, 0.818604, -0.548340, 
6.27, 2832.167700, 0.823486, -0.542969, 
6.28, 2832.167700, 0.830078, -0.529053, 
6.29, 2825.174800, 0.832764, -0.501709, 
6.30, 2797.202600, 0.841553, -0.500000, 
6.31, 2758.741200, 0.851318, -0.498779, 
6.32, 2727.272700, 0.852051, -0.492676, 
6.33, 2730.769000, 0.843506, -0.493164, 
6.34, 2741.258500, 0.852539, -0.501221, 
6.35, 2776.223600, 0.853516, -0.513916, 
6.36, 2853.146700, 0.863525, -0.513916, 
6.37, 2954.545400, 0.863770, -0.505127, 
6.38, 3027.971900, 0.870117, -0.483887, 
6.39, 3076.922900, 0.876953, -0.456543, 
6.40, 3080.419400, 0.883545, -0.440918, 
6.41, 3101.398400, 0.885986, -0.448730, 
6.42, 3101.398400, 0.876709, -0.427979, 
6.43, 3101.398400, 0.885742, -0.421387, 
6.44, 3129.370400, 0.894775, -0.413330, 
6.45, 3139.860100, 0.897949, -0.406494, 
6.46, 3146.853000, 0.896973, -0.400879, 
6.47, 3185.314500, 0.902588, -0.401855, 
6.48, 3209.790000, 0.906738, -0.388428, 
6.49, 3237.762200, 0.899658, -0.376709, 
6.50, 3251.748000, 0.917725, -0.358398, 
6.51, 3234.265600, 0.920410, -0.340332, 
6.52, 3206.293500, 0.921143, -0.330566, 
6.53, 3192.307600, 0.923584, -0.316406, 
6.54, 3153.845900, 0.922119, -0.296875, 
6.55, 3069.929900, 0.921387, -0.282959, 
6.56, 3010.489300, 0.929443, -0.287598, 
6.57, 2982.517300, 0.943115, -0.295654, 
6.58, 2986.013900, 0.952148, -0.300537, 
6.59, 3017.482400, 0.943359, -0.302002, 
6.60, 3076.922900, 0.945801, -0.288330, 
6.61, 3094.405500, 0.960205, -0.265137, 
6.62, 3101.398400, 0.949951, -0.248535, 
6.63, 3090.908900, 0.958252, -0.245605, 
6.64, 3069.929900, 0.956787, -0.233887, 
6.65, 3055.943800, 0.962402, -0.222900, 
6.66, 3041.958000, 0.967285, -0.219971, 
6.67, 3059.440400, 0.963867, -0.222168, 
6.68, 3066.433300, 0.965576, -0.212158, 
6.69, 3097.901900, 0.974609, -0.207275, 
6.70, 3115.384500, 0.970947, -0.188477, 
6.71, 3115.384500, 0.963379, -0.165283, 
6.72, 3083.916000, 0.975586, -0.149170, 
6.73, 3052.447500, 0.963867, -0.139160, 
6.74, 3013.985800, 0.967285, -0.137451, 
6.75, 2989.510300, 0.979980, -0.135986, 
6.76, 2958.041700, 0.986328, -0.117432, 
6.77, 2923.076900, 0.986328, -0.112061, 
6.78, 2891.608200, 0.977539, -0.099854, 
6.79, 2849.650100, 0.979492, -0.094971, 
6.80, 2825.174800, 0.988037, -0.093506, 
6.81, 2811.188700, 0.987793, -0.078613, 
6.82, 2751.748000, 0.984863, -0.064941, 
6.83, 2727.272700, 0.992188, -0.065918, 
6.84, 2692.307600, 0.978760, -0.047852, 
6.85, 2632.866900, 0.997559, -0.035889, 
6.86, 2611.887900, 0.992676, -0.038330, 
6.87, 2541.958000, 0.994873, -0.013428, 
6.88, 2454.545400, 0.989014, 0.014160, 
6.89, 2377.622300, 0.988770, -0.001953, 
6.90, 2314.685300, 0.989258, 0.003906, 
6.91, 2265.734100, 1.005371, 0.008057, 
6.92, 2220.279500, 0.994141, -0.000488, 
6.93, 2209.790000, 0.998291, -0.002930, 
6.94, 2181.818100, 0.995605, 0.010498, 
6.95, 2174.825200, 0.985107, 0.005859, 
6.96, 2195.804200, 0.995605, 0.012695, 
6.97, 2181.818100, 0.995117, 0.019287, 
6.98, 2157.342500, 0.999023, 0.041992, 
6.99, 2115.384500, 0.987549, 0.062744, 
7.00, 2052.447500, 0.990479, 0.066406, 
7.01, 1993.007000, 0.989014, 0.072754, 
7.02, 1933.566300, 0.989746, 0.078125, 
7.03, 1867.132800, 0.995117, 0.078125, 
7.04, 1846.153800, 0.993652, 0.060791, 
7.05, 1853.146700, 1.002441, 0.060059, 
7.06, 1881.118800, 0.993408, 0.062988, 
7.07, 1923.076800, 0.996094, 0.053955, 
7.08, 1979.020900, 0.986816, 0.060791, 
7.09, 2006.992900, 0.990234, 0.078613, 
7.10, 2017.482400, 0.992920, 0.104004, 
7.11, 1979.020900, 0.983398, 0.117188, 
7.12, 1954.545400, 0.990479, 0.111572, 
7.13, 1947.552400, 0.998047, 0.108887, 
7.14, 1940.559300, 0.988525, 0.112549, 
7.15, 1954.545400, 0.989502, 0.107666, 
7.16, 1986.013900, 0.991455, 0.123535, 
7.17, 2010.489400, 0.982666, 0.117676, 
7.18, 2034.965000, 0.985352, 0.123779, 
7.19, 2062.937000, 0.990479, 0.139160, 
7.20, 2066.433300, 0.986816, 0.157471, 
7.21, 2055.943800, 0.989746, 0.155762, 
7.22, 2055.943800, 0.980225, 0.159424, 
7.23, 2055.943800, 0.967773, 0.177246, 
7.24, 2038.461400, 0.987061, 0.182373, 
7.25, 2010.489400, 0.985596, 0.194336, 
7.26, 1986.013900, 0.965576, 0.203613, 
7.27, 1954.545400, 0.977783, 0.208008, 
7.28, 1954.545400, 0.976807, 0.195313, 
7.29, 1944.055900, 0.967285, 0.189209, 
7.30, 1996.503400, 0.981201, 0.176270, 
7.31, 2059.440400, 0.969238, 0.191650, 
7.32, 2111.887900, 0.974609, 0.207764, 
7.33, 2118.881100, 0.974609, 0.221436, 
7.34, 2139.860100, 0.968994, 0.232422, 
7.35, 2104.895000, 0.960449, 0.252930, 
7.36, 2062.937000, 0.965576, 0.255615, 
7.37, 2034.965000, 0.968506, 0.259277, 
7.38, 2013.986000, 0.964844, 0.255859, 
7.39, 2010.489400, 0.959229, 0.254395, 
7.40, 2010.489400, 0.961182, 0.262939, 
7.41, 1993.007000, 0.958008, 0.277344, 
7.42, 1954.545400, 0.953125, 0.295166, 
7.43, 1898.601300, 0.951904, 0.311279, 
7.44, 1839.160800, 0.949219, 0.320801, 
7.45, 1772.727200, 0.951660, 0.312256, 
7.46, 1723.776100, 0.950684, 0.320313, 
7.47, 1657.342500, 0.952637, 0.324707, 
7.48, 1629.370600, 0.948975, 0.324463, 
7.49, 1590.909100, 0.936523, 0.315430, 
7.50, 1573.426500, 0.955078, 0.326904, 
7.51, 1559.440400, 0.947021, 0.325439, 
7.52, 1527.971900, 0.942627, 0.333496, 
7.53, 1531.468500, 0.932617, 0.334961, 
7.54, 1506.992900, 0.948486, 0.321289, 
7.55, 1524.475500, 0.937988, 0.331299, 
7.56, 1524.475500, 0.936523, 0.331787, 
7.57, 1555.944000, 0.939209, 0.317871, 
7.58, 1594.405500, 0.932861, 0.321045, 
7.59, 1636.363500, 0.938477, 0.336426, 
7.60, 1671.328600, 0.932861, 0.343018, 
7.61, 1678.321700, 0.924805, 0.355713, 
7.62, 1685.314600, 0.920410, 0.370850, 
7.63, 1667.832000, 0.916260, 0.365967, 
7.64, 1699.300700, 0.937744, 0.360352, 
7.65, 1702.797100, 0.917969, 0.379150, 
7.66, 1699.300700, 0.919189, 0.394043, 
7.67, 1667.832000, 0.921143, 0.386719, 
7.68, 1674.825100, 0.924072, 0.396973, 
7.69, 1643.356600, 0.926270, 0.408936, 
7.70, 1608.391500, 0.910156, 0.401123, 
7.71, 1618.881100, 0.910645, 0.400391, 
7.72, 1618.881100, 0.902344, 0.410889, 
7.73, 1587.412500, 0.905518, 0.420654, 
7.74, 1573.426500, 0.899170, 0.423096, 
7.75, 1562.937000, 0.908936, 0.427490, 
7.76, 1541.958000, 0.902832, 0.430176, 
7.77, 1499.999900, 0.901367, 0.434082, 
7.78, 1479.020900, 0.892334, 0.444092, 
7.79, 1461.538500, 0.904785, 0.436035, 
7.80, 1479.020900, 0.900146, 0.428467, 
7.81, 1493.007000, 0.891846, 0.434814, 
7.82, 1531.468500, 0.892334, 0.430176, 
7.83, 1576.923000, 0.890381, 0.432617, 
7.84, 1625.874000, 0.886230, 0.429199, 
7.85, 1674.825100, 0.875244, 0.439453, 
7.86, 1713.286600, 0.882568, 0.443604, 
7.87, 1744.755100, 0.878906, 0.451904, 
7.88, 1772.727200, 0.876221, 0.461914, 
7.89, 1793.706200, 0.881348, 0.464600, 
7.90, 1821.678200, 0.878906, 0.471680, 
7.91, 1842.657200, 0.858154, 0.475586, 
7.92, 1860.139800, 0.865723, 0.475342, 
7.93, 1877.622300, 0.867432, 0.488037, 
7.94, 1912.587300, 0.857178, 0.476563, 
7.95, 1975.524400, 0.860840, 0.477539, 
7.96, 2006.992900, 0.855225, 0.493408, 
7.97, 2024.475500, 0.849854, 0.506348, 
7.98, 2038.461400, 0.853760, 0.516357, 
7.99, 2034.965000, 0.847656, 0.523438, 
8.00, 2034.965000, 0.845947, 0.537842, 
8.01, 1999.999900, 0.840820, 0.561035, 
8.02, 1933.566300, 0.836426, 0.553467, 
8.03, 1888.111800, 0.833008, 0.561768, 
8.04, 1835.664300, 0.831299, 0.568848, 
8.05, 1804.195700, 0.830566, 0.556641, 
8.06, 1786.713300, 0.828857, 0.558105, 
8.07, 1793.706200, 0.819824, 0.565674, 
8.08, 1786.713300, 0.821045, 0.564941, 
8.09, 1790.209700, 0.815918, 0.566406, 
8.10, 1755.244600, 0.819092, 0.587646, 
8.11, 1713.286600, 0.815186, 0.599854, 
8.12, 1653.846100, 0.815430, 0.593506, 
8.13, 1625.874000, 0.797363, 0.602783, 
8.14, 1615.384500, 0.806396, 0.594727, 
8.15, 1594.405500, 0.805664, 0.597656, 
8.16, 1573.426500, 0.802246, 0.588379, 
8.17, 1590.909100, 0.784668, 0.591309, 
8.18, 1604.895000, 0.788086, 0.595703, 
8.19, 1615.384500, 0.795166, 0.601074, 
8.20, 1611.888100, 0.780762, 0.607178, 
8.21, 1618.881100, 0.785400, 0.614746, 
8.22, 1611.888100, 0.780762, 0.618164, 
8.23, 1590.909100, 0.790771, 0.619141, 
8.24, 1601.398600, 0.776367, 0.615479, 
8.25, 1622.377600, 0.773682, 0.625977, 
8.26, 1597.902000, 0.775146, 0.638428, 
8.27, 1590.909100, 0.765869, 0.637207, 
8.28, 1597.902000, 0.749756, 0.640381, 
8.29, 1583.916000, 0.759277, 0.648682, 
8.30, 1555.944000, 0.760254, 0.657471, 
8.31, 1538.461400, 0.753418, 0.650146, 
8.32, 1531.468500, 0.757324, 0.652832, 
8.33, 1545.454500, 0.754395, 0.650146, 
8.34, 1517.482400, 0.747803, 0.673584, 
8.35, 1468.531400, 0.740723, 0.695313, 
8.36, 1388.111800, 0.741943, 0.688477, 
8.37, 1335.664300, 0.738525, 0.689453, 
8.38, 1265.734300, 0.734863, 0.699707, 
8.39, 1202.797100, 0.744141, 0.696045, 
8.40, 1146.853100, 0.732666, 0.715820, 
8.41, 1013.986000, 0.741699, 0.742188, 
8.42, 870.629330, 0.729248, 0.732910, 
8.43, 727.272710, 0.726074, 0.747559, 
8.44, 566.433530, 0.724854, 0.760498, 
8.45, 360.139830, 0.730713, 0.768555, 
8.46, 167.832150, 0.723877, 0.768555, 
8.47, -34.965034, 0.724854, 0.774658, 
8.48, -244.755230, 0.735596, 0.768555, 
8.49, -468.531430, 0.735352, 0.775391, 
8.50, -671.328610, 0.735107, 0.768066, 
8.51, -884.615360, 0.734375, 0.762695, 
8.52, -1090.909100, 0.729248, 0.760010, 
8.53, -1293.706200, 0.733887, 0.748291, 
8.54, -1489.510400, 0.742188, 0.741211, 
8.55, -1646.853000, 0.734375, 0.735352, 
8.56, -1797.202800, 0.749023, 0.712891, 
8.57, -1926.573400, 0.740967, 0.711182, 
8.58, -2045.454500, 0.745117, 0.699707, 
8.59, -2139.860100, 0.763428, 0.680176, 
8.60, -2248.251700, 0.754639, 0.680664, 
8.61, -2342.657200, 0.770996, 0.670898, 
8.62, -2409.090800, 0.756592, 0.662598, 
8.63, -2486.013900, 0.779541, 0.646973, 
8.64, -2545.454300, 0.771729, 0.639648, 
8.65, -2611.887900, 0.782715, 0.635742, 
8.66, -2688.811000, 0.785889, 0.623291, 
8.67, -2730.769000, 0.788818, 0.604492, 
8.68, -2769.230700, 0.795410, 0.593506, 
8.69, -2783.216600, 0.792480, 0.584717, 
8.70, -2776.223600, 0.811768, 0.569580, 
8.71, -2776.223600, 0.814697, 0.568359, 
8.72, -2776.223600, 0.812744, 0.565430, 
8.73, -2793.706100, 0.816895, 0.548340, 
8.74, -2755.244600, 0.818359, 0.512451, 
8.75, -2671.328600, 0.832031, 0.518799, 
8.76, -2664.335400, 0.832275, 0.526367, 
8.77, -2660.839100, 0.838867, 0.515869, 
8.78, -2671.328600, 0.851807, 0.517578, 
8.79, -2674.825000, 0.861572, 0.503174, 
8.80, -2681.818100, 0.850342, 0.519287, 
8.81, -2730.769000, 0.860352, 0.509277, 
8.82, -2758.741200, 0.864990, 0.495605, 
8.83, -2779.720200, 0.853516, 0.482422, 
8.84, -2786.713100, 0.875488, 0.464844, 
8.85, -2769.230700, 0.871826, 0.450195, 
8.86, -2744.755100, 0.878906, 0.437744, 
8.87, -2713.286600, 0.877441, 0.436768, 
8.88, -2681.818100, 0.891846, 0.430908, 
8.89, -2664.335400, 0.885498, 0.414551, 
8.90, -2629.370600, 0.891846, 0.409424, 
8.91, -2587.412400, 0.902588, 0.406006, 
8.92, -2566.433300, 0.894775, 0.387451, 
8.93, -2510.489500, 0.903076, 0.385742, 
8.94, -2472.027800, 0.919678, 0.376221, 
8.95, -2430.069800, 0.909424, 0.363770, 
8.96, -2377.622300, 0.908936, 0.369873, 
8.97, -2360.139600, 0.915283, 0.354492, 
8.98, -2318.181600, 0.924805, 0.353516, 
8.99, -2304.195800, 0.921387, 0.356934, 
9.00, -2290.209700, 0.924072, 0.344971, 
9.01, -2265.734100, 0.925537, 0.318604, 
9.02, -2206.293700, 0.937988, 0.325439, 
9.03, -2185.314700, 0.935547, 0.312988, 
9.04, -2139.860100, 0.941406, 0.294189, 
9.05, -2055.943800, 0.945801, 0.288574, 
9.06, -1996.503400, 0.940674, 0.290283, 
9.07, -1947.552400, 0.945313, 0.287109, 
9.08, -1923.076800, 0.945313, 0.287354, 
9.09, -1888.111800, 0.948486, 0.284424, 
9.10, -1860.139800, 0.964844, 0.266357, 
9.11, -1811.188700, 0.956787, 0.262451, 
9.12, -1804.195700, 0.943115, 0.282471, 
9.13, -1825.174700, 0.960205, 0.271729, 
9.14, -1818.181800, 0.958252, 0.262207, 
9.15, -1800.699200, 0.956543, 0.259033, 
9.16, -1800.699200, 0.953857, 0.245361, 
9.17, -1758.741200, 0.975342, 0.217529, 
9.18, -1695.804100, 0.974365, 0.224609, 
9.19, -1650.349600, 0.964844, 0.213867, 
9.20, -1604.895000, 0.971436, 0.222168, 
9.21, -1597.902000, 0.967041, 0.217041, 
9.22, -1587.412500, 0.971191, 0.220215, 
9.23, -1601.398600, 0.968018, 0.228271, 
9.24, -1622.377600, 0.972412, 0.218018, 
9.25, -1618.881100, 0.965332, 0.203857, 
9.26, -1611.888100, 0.965088, 0.191162, 
9.27, -1597.902000, 0.982666, 0.184814, 
9.28, -1580.419600, 0.980957, 0.179443, 
9.29, -1541.958000, 0.981201, 0.165527, 
9.30, -1482.517500, 0.987305, 0.159424, 
9.31, -1433.566400, 0.985107, 0.156982, 
9.32, -1402.097800, 0.989014, 0.157227, 
9.33, -1363.636400, 0.983154, 0.167480, 
9.34, -1360.139800, 0.980225, 0.152100, 
9.35, -1349.650300, 0.978760, 0.155518, 
9.36, -1332.167700, 0.987305, 0.151367, 
9.37, -1321.678200, 0.989014, 0.151855, 
9.38, -1318.181800, 0.984619, 0.137207, 
9.39, -1314.685300, 0.985596, 0.127686, 
9.40, -1290.209700, 0.987793, 0.120850, 
9.41, -1255.244800, 0.986816, 0.123535, 
9.42, -1216.783200, 0.987793, 0.105469, 
9.43, -1160.839100, 0.997559, 0.098633, 
9.44, -1132.867100, 0.993408, 0.116699, 
9.45, -1122.377600, 0.992676, 0.118896, 
9.46, -1129.370600, 0.990479, 0.108643, 
9.47, -1129.370600, 0.994141, 0.101074, 
9.48, -1080.419600, 0.988037, 0.086182, 
9.49, -1052.447500, 0.990723, 0.087646, 
9.50, -1027.971900, 0.992676, 0.088867, 
9.51, -1006.993000, 0.996582, 0.088623, 
9.52, -979.020940, 0.998291, 0.080811, 
9.53, -961.538390, 0.997803, 0.088135, 
9.54, -954.545410, 0.993652, 0.090088, 
9.55, -954.545410, 0.998291, 0.085693, 
9.56, -951.048890, 0.989990, 0.065430, 
9.57, -895.104860, 1.012939, 0.046143, 
9.58, -818.181760, 0.994141, 0.041260, 
9.59, -755.244690, 1.000488, 0.034912, 
9.60, -674.825130, 0.997070, 0.034424, 
9.61, -622.377560, 0.995117, 0.044678, 
9.62, -566.433530, 0.992920, 0.051025, 
9.63, -538.461490, 0.995117, 0.050781, 
9.64, -548.951050, 0.994141, 0.065430, 
9.65, -548.951050, 0.990479, 0.062012, 
9.66, -555.944030, 0.997803, 0.039063, 
9.67, -506.992980, 0.990234, 0.033936, 
9.68, -468.531430, 0.992920, 0.027100, 
9.69, -430.069920, 0.988525, 0.026123, 
9.70, -367.132840, 1.000488, 0.020508, 
9.71, -300.699280, 1.001953, 0.015137, 
9.72, -251.748250, 1.005859, 0.028076, 
9.73, -209.790210, 1.008789, 0.025879, 
9.74, -167.832150, 0.991699, 0.028076, 
9.75, -146.853130, 1.010498, 0.029785, 
9.76, -104.895100, 0.995117, 0.027100, 
9.77, -76.923073, 1.001221, 0.029053, 
9.78, -59.440556, 1.000488, 0.022705, 
9.79, -10.489510, 1.001465, 0.024170, 
9.80, 6.993007, 0.994385, 0.032227, 
9.81, 27.972027, 0.994873, 0.028320, 
9.82, 48.951046, 1.003418, 0.030273, 
9.83, 62.937061, 0.999023, 0.033447, 
9.84, 90.909088, 1.000488, 0.024658, 
9.85, 108.391600, 1.000732, 0.033447, 
9.86, 108.391600, 1.007568, 0.040283, 
9.87, 104.895100, 1.003418, 0.038574, 
9.88, 101.398600, 0.997559, 0.041992, 
9.89, 83.916077, 1.005859, 0.051514, 
9.90, 38.461536, 1.005371, 0.051514, 
9.91, 17.482517, 0.997070, 0.047607, 
9.92, 10.489510, 1.000244, 0.042725, 
9.93, -24.475523, 1.007324, 0.039307, 
9.94, -6.993007, 1.001221, 0.030273, 
9.95, -0.000000, 0.997314, 0.032715, 
9.96, 6.993007, 0.993652, 0.022461, 
9.97, 31.468531, 1.005127, 0.028076, 
9.98, 45.454544, 0.998535, 0.036865, 
9.99, 41.958038, 1.004639, 0.036133, 
10.00, 45.454544, 0.989258, 0.036377, 
10.01, 41.958038, 1.000000, 0.039307, 
10.02, 3.496503, 1.000000, 0.038818, 
10.03, -6.993007, 0.995117, 0.038574, 
10.04, 17.482517, 1.001709, 0.023438, 
10.05, 31.468531, 0.994873, 0.020264, 
10.06, 48.951046, 1.006836, 0.024902, 
10.07, 66.433563, 1.015869, 0.025879, 
10.08, 87.412582, 1.004150, 0.026855, 
10.09, 111.888110, 0.995361, 0.026855, 
10.10, 115.384610, 0.988037, 0.028564, 
10.11, 115.384610, 0.997559, 0.029053, 
10.12, 143.356640, 0.997559, 0.028564, 
10.13, 122.377620, 1.007324, 0.043945, 
10.14, 111.888110, 1.001953, 0.030762, 
10.15, 111.888110, 0.998047, 0.040283, 
10.16, 101.398600, 0.993408, 0.036133, 
10.17, 97.902092, 1.002197, 0.035889, 
10.18, 115.384610, 1.004395, 0.033203, 
10.19, 108.391600, 0.985107, 0.029297, 
10.20, 132.867130, 1.002197, 0.026855, 
10.21, 132.867130, 0.993164, 0.022217, 
10.22, 167.832150, 1.000244, 0.040039, 
10.23, 164.335660, 0.998291, 0.029541, 
10.24, 157.342650, 1.008301, 0.026611, 
10.25, 174.825160, 0.988281, 0.030518, 
10.26, 164.335660, 0.992920, 0.036133, 
10.27, 150.349640, 1.000488, 0.020996, 
10.28, 171.328660, 0.998291, 0.032471, 
10.29, 185.314680, 1.002686, 0.030029, 
10.30, 178.321670, 1.003174, 0.027832, 
10.31, 185.314680, 1.005859, 0.035156, 
10.32, 192.307680, 0.996094, 0.033936, 
10.33, 188.811170, 0.993164, 0.034424, 
10.34, 174.825160, 1.012939, 0.039551, 
10.35, 174.825160, 1.003662, 0.023926, 
10.36, 185.314680, 1.002441, 0.029541, 
10.37, 171.328660, 0.997314, 0.034180, 
10.38, 188.811170, 0.993896, 0.026611, 
10.39, 216.783200, 1.003174, 0.031738, 
10.40, 202.797200, 1.007813, 0.034668, 
10.41, 209.790210, 0.996582, 0.035889, 
10.42, 213.286700, 0.995361, 0.034424, 
10.43, 209.790210, 0.997314, 0.038330, 
10.44, 181.818180, 0.997803, 0.034668, 
10.45, 188.811170, 1.001465, 0.039307, 
10.46, 199.300690, 1.001221, 0.031738, 
10.47, 202.797200, 0.990723, 0.040527, 
10.48, 209.790210, 1.005371, 0.020264, 
10.49, 223.776210, 1.000244, 0.031006, 
10.50, 237.762220, 1.012939, 0.035156, 
10.51, 241.258730, 1.003906, 0.040039, 
10.52, 244.755230, 0.987793, 0.046387, 
10.53, 220.279710, 1.005371, 0.050293, 
10.54, 167.832150, 0.991211, 0.056885, 
10.55, 132.867130, 0.995117, 0.062988, 
10.56, 66.433563, 0.995361, 0.063721, 
10.57, -0.000000, 0.999268, 0.073486, 
10.58, -83.916077, 1.001709, 0.075195, 
10.59, -195.804180, 0.999756, 0.092285, 
10.60, -318.181790, 0.997559, 0.104248, 
10.61, -493.006960, 1.000000, 0.125244, 
10.62, -723.776180, 0.990479, 0.124512, 
10.63, -975.524410, 1.001465, 0.143066, 
10.64, -1213.286600, 1.003906, 0.118896, 
10.65, -1440.559300, 1.005127, 0.121826, 
10.66, -1650.349600, 0.979736, 0.102783, 
10.67, -1856.643300, 0.984375, 0.093262, 
10.68, -2006.992900, 1.002441, 0.085693, 
10.69, -2227.272700, 1.002197, 0.075439, 
10.70, -2402.097900, 0.993652, 0.053955, 
10.71, -2524.475300, 0.996582, 0.032471, 
10.72, -2636.363500, 0.989502, 0.008301, 
10.73, -2681.818100, 0.985840, -0.042236, 
10.74, -2629.370600, 0.994873, -0.076416, 
10.75, -2548.950900, 0.992432, -0.096436, 
10.76, -2426.573200, 0.986084, -0.140869, 
10.77, -2209.790000, 0.999756, -0.183105, 
10.78, -1909.090800, 1.000732, -0.214600, 
10.79, -1552.447500, 0.992432, -0.271484, 
10.80, -1048.951000, 1.001953, -0.323486, 
10.81, -468.531430, 1.004639, -0.352295, 
10.82, 146.853130, 0.989502, -0.340332, 
10.83, 762.237730, 0.983154, -0.359619, 
10.84, 1405.594400, 0.993408, -0.369873, 
10.85, 2062.937000, 0.984619, -0.368408, 
10.86, 2692.307600, 0.979248, -0.334229, 
10.87, 3276.223600, 0.973145, -0.290771, 
10.88, 3793.706100, 0.973877, -0.249512, 
10.89, 4174.825200, 0.966797, -0.193359, 
10.90, 4500.000000, 0.977783, -0.136230, 
10.91, 4720.279300, 0.965820, -0.083984, 
10.92, 4814.685100, 0.959229, -0.021973, 
10.93, 4839.160600, 0.970703, 0.034668, 
10.94, 4737.762200, 0.969727, 0.108398, 
10.95, 4506.992700, 0.979004, 0.171387, 
10.96, 4185.314500, 0.987305, 0.219727, 
10.97, 3730.769000, 0.977295, 0.289063, 
10.98, 3146.853000, 0.980225, 0.356201, 
10.99, 2486.013900, 0.991211, 0.378906, 
11.00, 1793.706200, 1.000000, 0.385254, 
11.01, 1090.909100, 1.003906, 0.413330, 
11.02, 363.636350, 0.987549, 0.400391, 
11.03, -293.706270, 0.996338, 0.376465, 
11.04, -940.559390, 0.997559, 0.368896, 
11.05, -1552.447500, 1.006836, 0.351563, 
11.06, -2132.866900, 0.988525, 0.319336, 
11.07, -2653.845900, 0.986816, 0.281494, 
11.08, -3108.391400, 0.981689, 0.242188, 
11.09, -3486.013900, 0.985352, 0.205078, 
11.10, -3783.216600, 0.982666, 0.143555, 
11.11, -3968.531300, 0.979492, 0.102539, 
11.12, -4108.391600, 0.974609, 0.066406, 
11.13, -4195.804200, 0.977539, 0.034424, 
11.14, -4209.790000, 0.964111, -0.007568, 
11.15, -4188.811000, 0.972900, -0.041992, 
11.16, -4087.412400, 0.971436, -0.101074, 
11.17, -3874.125700, 0.984863, -0.155518, 
11.18, -3566.433300, 0.970459, -0.209961, 
11.19, -3167.832000, 0.996094, -0.263428, 
11.20, -2671.328600, 0.982910, -0.314697, 
11.21, -2080.419400, 0.985840, -0.348145, 
11.22, -1465.034900, 0.994385, -0.371582, 
11.23, -818.181760, 0.994385, -0.339600, 
11.24, -248.251740, 0.987549, -0.354248, 
11.25, 405.594390, 0.984131, -0.390137, 
11.26, 1090.909100, 0.991943, -0.386230, 
11.27, 1769.230700, 0.992676, -0.374023, 
11.28, 2416.083700, 0.989502, -0.347656, 
11.29, 3020.978800, 0.985596, -0.293213, 
11.30, 3496.503400, 0.980957, -0.218994, 
11.31, 3790.209700, 0.967285, -0.150635, 
11.32, 3930.069800, 0.981689, -0.064453, 
11.33, 3961.538300, 0.986328, -0.018555, 
11.34, 3895.104700, 0.985840, 0.056152, 
11.35, 3646.853000, 0.984131, 0.123291, 
11.36, 3346.153800, 0.989990, 0.145020, 
11.37, 2972.027800, 0.993164, 0.189697, 
11.38, 2555.943800, 0.986572, 0.201172, 
11.39, 2104.895000, 0.993164, 0.229248, 
11.40, 1611.888100, 1.000732, 0.254395, 
11.41, 1094.405500, 0.990723, 0.253174, 
11.42, 597.902100, 1.012207, 0.262939, 
11.43, 66.433563, 0.999756, 0.262939, 
11.44, -451.048920, 1.002441, 0.250000, 
11.45, -923.076900, 0.994141, 0.229980, 
11.46, -1388.111800, 0.996826, 0.217041, 
11.47, -1772.727200, 1.000977, 0.179199, 
11.48, -2129.370600, 0.993408, 0.141357, 
11.49, -2374.125700, 0.995117, 0.097900, 
11.50, -2534.964800, 0.981445, 0.062744, 
11.51, -2660.839100, 0.984375, 0.031738, 
11.52, -2702.797100, 0.994141, -0.005859, 
11.53, -2713.286600, 0.984863, -0.029297, 
11.54, -2692.307600, 0.989746, -0.028809, 
11.55, -2660.839100, 0.985107, -0.069580, 
11.56, -2569.929900, 0.996582, -0.102295, 
11.57, -2454.545400, 0.988037, -0.111816, 
11.58, -2321.678200, 0.984863, -0.145996, 
11.59, -2125.874000, 0.989502, -0.165039, 
11.60, -1877.622300, 0.982666, -0.183105, 
11.61, -1625.874000, 0.982178, -0.191895, 
11.62, -1416.083900, 0.993652, -0.186279, 
11.63, -1202.797100, 0.983643, -0.163818, 
11.64, -1031.468500, 0.994873, -0.172119, 
11.65, -853.146790, 0.993408, -0.176270, 
11.66, -671.328610, 0.983398, -0.186279, 
11.67, -465.034940, 0.997559, -0.197998, 
11.68, -283.216770, 0.995361, -0.182373, 
11.69, -111.888110, 0.986328, -0.175781, 
11.70, 66.433563, 0.987549, -0.182129, 
11.71, 241.258730, 1.000977, -0.171875, 
11.72, 377.622340, 0.989746, -0.158936, 
11.73, 489.510470, 0.995605, -0.139160, 
11.74, 545.454530, 0.990479, -0.130127, 
11.75, 583.916080, 0.987793, -0.117920, 
11.76, 615.384580, 0.997559, -0.105957, 
11.77, 646.853090, 1.000732, -0.110107, 
11.78, 667.832150, 0.997314, -0.106445, 
11.79, 688.811160, 0.995850, -0.097412, 
11.80, 692.307680, 0.993896, -0.090332, 
11.81, 695.804140, 0.995117, -0.083252, 
11.82, 671.328610, 0.993408, -0.075195, 
11.83, 650.349610, 1.001465, -0.073486, 
11.84, 604.895080, 0.996094, -0.064941, 
11.85, 548.951050, 0.999268, -0.060791, 
11.86, 493.006960, 0.986572, -0.057373, 
11.87, 405.594390, 0.998779, -0.046387, 
11.88, 328.671330, 0.998779, -0.052002, 
11.89, 262.237760, 0.992920, -0.054443, 
11.90, 185.314680, 0.994385, -0.052002, 
11.91, 125.874120, 0.996582, -0.063721, 
11.92, 83.916077, 1.000488, -0.059570, 
11.93, 45.454544, 0.991211, -0.069336, 
11.94, -10.489510, 0.998779, -0.067139, 
11.95, -38.461536, 0.999512, -0.064209, 
11.96, -101.398600, 0.989746, -0.073730, 
11.97, -115.384610, 0.991211, -0.081055, 
11.98, -122.377620, 1.000488, -0.079590, 
11.99, -146.853130, 0.986084, -0.072510, 
12.00, -181.818180, 0.998291, -0.068604, 
12.01, -202.797200, 0.996826, -0.073486, 
12.02, -251.748250, 0.993896, -0.064697, 
12.03, -325.174800, 0.995361, -0.070801, 
12.04, -363.636350, 1.003662, -0.067139, 
12.05, -419.580410, 0.980469, -0.076660, 
12.06, -444.055910, 1.000977, -0.091553, 
12.07, -468.531430, 0.988525, -0.075195, 
12.08, -493.006960, 0.992432, -0.096924, 
12.09, -513.985960, 0.989502, -0.083496, 
12.10, -562.937010, 0.991211, -0.078369, 
12.11, -618.881100, 1.000000, -0.078613, 
12.12, -678.321660, 0.983398, -0.081299, 
12.13, -741.258730, 0.997314, -0.083740, 
12.14, -793.706240, 0.989014, -0.083740, 
12.15, -849.650330, 0.997314, -0.103760, 
12.16, -884.615360, 0.996826, -0.102051, 
12.17, -937.062870, 0.989258, -0.091797, 
12.18, -993.006960, 0.980225, -0.098877, 
12.19, -1034.965000, 0.987305, -0.110596, 
12.20, -1076.923000, 0.992188, -0.112549, 
12.21, -1125.874000, 0.985840, -0.132568, 
12.22, -1115.384500, 0.999268, -0.142578, 
12.23, -1104.895000, 0.989990, -0.145020, 
12.24, -1115.384500, 0.972168, -0.148193, 
12.25, -1122.377600, 0.998535, -0.139404, 
12.26, -1132.867100, 0.982666, -0.131104, 
12.27, -1195.804200, 0.992676, -0.136719, 
12.28, -1248.251700, 0.977051, -0.139648, 
12.29, -1297.202800, 0.970215, -0.147461, 
12.30, -1328.671300, 0.986816, -0.157227, 
12.31, -1363.636400, 0.974609, -0.156250, 
12.32, -1398.601300, 0.972900, -0.169922, 
12.33, -1416.083900, 0.978271, -0.178223, 
12.34, -1405.594400, 0.976807, -0.187744, 
12.35, -1430.069800, 0.990479, -0.184082, 
12.36, -1447.552400, 0.980957, -0.193848, 
12.37, -1461.538500, 0.972656, -0.194336, 
12.38, -1468.531400, 0.966553, -0.202637, 
12.39, -1493.007000, 0.972900, -0.205322, 
12.40, -1510.489400, 0.965820, -0.201904, 
12.41, -1527.971900, 0.966309, -0.206787, 
12.42, -1562.937000, 0.963623, -0.212646, 
12.43, -1590.909100, 0.982910, -0.212158, 
12.44, -1632.867100, 0.970459, -0.223145, 
12.45, -1653.846100, 0.960449, -0.230225, 
12.46, -1671.328600, 0.959717, -0.237305, 
12.47, -1702.797100, 0.966064, -0.231934, 
12.48, -1748.251700, 0.949463, -0.240723, 
12.49, -1783.216700, 0.951172, -0.249756, 
12.50, -1807.692300, 0.961914, -0.254639, 
12.51, -1842.657200, 0.955322, -0.273193, 
12.52, -1839.160800, 0.949219, -0.276855, 
12.53, -1853.146700, 0.953857, -0.268555, 
12.54, -1898.601300, 0.944092, -0.268555, 
12.55, -1958.041900, 0.949951, -0.278809, 
12.56, -1975.524400, 0.939209, -0.299072, 
12.57, -1986.013900, 0.942139, -0.307861, 
12.58, -1979.020900, 0.937744, -0.313477, 
12.59, -1958.041900, 0.933594, -0.330322, 
12.60, -1937.062900, 0.933838, -0.345215, 
12.61, -1898.601300, 0.936523, -0.336914, 
12.62, -1877.622300, 0.927979, -0.351807, 
12.63, -1835.664300, 0.922607, -0.363525, 
12.64, -1804.195700, 0.931396, -0.370117, 
12.65, -1762.237700, 0.923340, -0.360596, 
12.66, -1779.720200, 0.924561, -0.347900, 
12.67, -1804.195700, 0.914795, -0.357666, 
12.68, -1846.153800, 0.913330, -0.358154, 
12.69, -1877.622300, 0.924316, -0.364014, 
12.70, -1905.594400, 0.928223, -0.380127, 
12.71, -1898.601300, 0.916016, -0.400635, 
12.72, -1874.125700, 0.905029, -0.407959, 
12.73, -1835.664300, 0.902100, -0.428711, 
12.74, -1783.216700, 0.917480, -0.425537, 
12.75, -1734.265600, 0.897461, -0.426514, 
12.76, -1699.300700, 0.893799, -0.424805, 
12.77, -1706.293600, 0.903320, -0.416748, 
12.78, -1695.804100, 0.895996, -0.426758, 
12.79, -1695.804100, 0.883057, -0.430664, 
12.80, -1706.293600, 0.892334, -0.443359, 
12.81, -1688.811200, 0.887695, -0.450195, 
12.82, -1678.321700, 0.884277, -0.446533, 
12.83, -1674.825100, 0.887939, -0.454102, 
12.84, -1657.342500, 0.877930, -0.457275, 
12.85, -1646.853000, 0.877930, -0.465576, 
12.86, -1639.860100, 0.876709, -0.467041, 
12.87, -1604.895000, 0.869873, -0.488525, 
12.88, -1573.426500, 0.874756, -0.481934, 
12.89, -1534.965000, 0.864014, -0.494385, 
12.90, -1493.007000, 0.857178, -0.505859, 
12.91, -1430.069800, 0.869141, -0.509277, 
12.92, -1377.622300, 0.864990, -0.511963, 
12.93, -1356.643300, 0.856934, -0.493652, 
12.94, -1363.636400, 0.853516, -0.483398, 
12.95, -1409.090800, 0.838623, -0.483398, 
12.96, -1451.048800, 0.851318, -0.490723, 
12.97, -1499.999900, 0.851074, -0.482666, 
12.98, -1566.433500, 0.844482, -0.491211, 
12.99, -1618.881100, 0.845215, -0.502686, 
13.00, -1643.356600, 0.836426, -0.511475, 
13.01, -1671.328600, 0.836426, -0.520020, 
13.02, -1681.818100, 0.844971, -0.536377, 
13.03, -1671.328600, 0.825439, -0.541504, 
13.04, -1671.328600, 0.830811, -0.537598, 
13.05, -1650.349600, 0.828369, -0.547363, 
13.06, -1653.846100, 0.810303, -0.553711, 
13.07, -1646.853000, 0.815430, -0.556641, 
13.08, -1646.853000, 0.812744, -0.564697, 
13.09, -1632.867100, 0.804932, -0.574951, 
13.10, -1636.363500, 0.808594, -0.566406, 
13.11, -1615.384500, 0.804199, -0.577637, 
13.12, -1615.384500, 0.802002, -0.575928, 
13.13, -1615.384500, 0.790527, -0.579346, 
13.14, -1618.881100, 0.799072, -0.587891, 
13.15, -1636.363500, 0.798340, -0.584717, 
13.16, -1646.853000, 0.795410, -0.585693, 
13.17, -1650.349600, 0.781982, -0.595459, 
13.18, -1681.818100, 0.793213, -0.589600, 
13.19, -1723.776100, 0.783447, -0.589111, 
13.20, -1748.251700, 0.766113, -0.587891, 
13.21, -1807.692300, 0.768555, -0.588867, 
13.22, -1835.664300, 0.761475, -0.612061, 
13.23, -1842.657200, 0.757324, -0.631104, 
13.24, -1818.181800, 0.756104, -0.649658, 
13.25, -1765.734100, 0.758301, -0.667236, 
13.26, -1678.321700, 0.745605, -0.678711, 
13.27, -1573.426500, 0.756836, -0.686768, 
13.28, -1458.041900, 0.745605, -0.694336, 
13.29, -1360.139800, 0.742432, -0.688721, 
13.30, -1272.727200, 0.741211, -0.690186, 
13.31, -1192.307600, 0.739502, -0.681152, 
13.32, -1136.363500, 0.729736, -0.678223, 
13.33, -1069.930100, 0.732910, -0.689941, 
13.34, -1003.496500, 0.723389, -0.691650, 
13.35, -975.524410, 0.732666, -0.674316, 
13.36, -947.552430, 0.720459, -0.676514, 
13.37, -923.076900, 0.728516, -0.694824, 
13.38, -832.167790, 0.726318, -0.712158, 
13.39, -755.244690, 0.707275, -0.724365, 
13.40, -618.881100, 0.718506, -0.749023, 
13.41, -461.538450, 0.720215, -0.743896, 
13.42, -293.706270, 0.714355, -0.752686, 
13.43, -136.363630, 0.708252, -0.754883, 
13.44, 27.972027, 0.719482, -0.749268, 
13.45, 195.804180, 0.714111, -0.758545, 
13.46, 363.636350, 0.702637, -0.762207, 
13.47, 562.937010, 0.715088, -0.758057, 
13.48, 741.258730, 0.718994, -0.759521, 
13.49, 951.048890, 0.721924, -0.772949, 
13.50, 1178.321700, 0.717041, -0.774658, 
13.51, 1363.636400, 0.718018, -0.742188, 
13.52, 1548.950900, 0.730469, -0.736816, 
13.53, 1709.790200, 0.734375, -0.730225, 
13.54, 1832.167700, 0.724854, -0.713623, 
13.55, 1933.566300, 0.723633, -0.705566, 
13.56, 2034.965000, 0.742188, -0.694824, 
13.57, 2139.860100, 0.744629, -0.708252, 
13.58, 2244.755100, 0.737061, -0.693604, 
13.59, 2374.125700, 0.747314, -0.691406, 
13.60, 2486.013900, 0.757568, -0.688232, 
13.61, 2576.922900, 0.753662, -0.661865, 
13.62, 2657.342500, 0.767090, -0.645996, 
13.63, 2685.314500, 0.767822, -0.625000, 
13.64, 2706.293700, 0.775391, -0.617188, 
13.65, 2730.769000, 0.777832, -0.619629, 
13.66, 2765.734100, 0.772705, -0.617920, 
13.67, 2800.699200, 0.794434, -0.608643, 
13.68, 2842.657200, 0.789795, -0.599854, 
13.69, 2891.608200, 0.787109, -0.603516, 
13.70, 2947.552200, 0.796631, -0.598389, 
13.71, 2996.503400, 0.809814, -0.595703, 
13.72, 3073.426500, 0.809082, -0.584961, 
13.73, 3097.901900, 0.803955, -0.555176, 
13.74, 3101.398400, 0.813232, -0.525879, 
13.75, 3052.447500, 0.823486, -0.501465, 
13.76, 2954.545400, 0.844238, -0.495605, 
13.77, 2888.111800, 0.835449, -0.509766, 
13.78, 2870.629200, 0.838623, -0.517578, 
13.79, 2916.083700, 0.833984, -0.527100, 
13.80, 2972.027800, 0.840088, -0.533203, 
13.81, 3069.929900, 0.852539, -0.526123, 
13.82, 3146.853000, 0.856201, -0.509766, 
13.83, 3181.818100, 0.850586, -0.469727, 
13.84, 3157.342500, 0.865234, -0.449219, 
13.85, 3090.908900, 0.871338, -0.424316, 
13.86, 3013.985800, 0.874512, -0.420898, 
13.87, 2975.524400, 0.877441, -0.431152, 
13.88, 2940.559300, 0.888184, -0.435059, 
13.89, 2951.048800, 0.879150, -0.437988, 
13.90, 2996.503400, 0.901123, -0.440674, 
13.91, 3052.447500, 0.891602, -0.423096, 
13.92, 3055.943800, 0.896729, -0.389893, 
13.93, 2989.510300, 0.902100, -0.348877, 
13.94, 2895.104700, 0.902832, -0.343750, 
13.95, 2800.699200, 0.921387, -0.338135, 
13.96, 2720.279500, 0.908691, -0.347900, 
13.97, 2674.825000, 0.920898, -0.347168, 
13.98, 2674.825000, 0.919678, -0.367676, 
13.99, 2727.272700, 0.919678, -0.376953, 
14.00, 2786.713100, 0.923828, -0.370361, 
14.01, 2842.657200, 0.928223, -0.364258, 
14.02, 2881.118700, 0.929199, -0.346680, 
14.03, 2905.594200, 0.941162, -0.325195, 
14.04, 2895.104700, 0.940674, -0.293213, 
14.05, 2842.657200, 0.929199, -0.270020, 
14.06, 2779.720200, 0.933350, -0.280518, 
14.07, 2748.251700, 0.941406, -0.277100, 
14.08, 2741.258500, 0.949707, -0.289063, 
14.09, 2786.713100, 0.947021, -0.298584, 
14.10, 2842.657200, 0.962158, -0.294922, 
14.11, 2905.594200, 0.953857, -0.289063, 
14.12, 2965.034900, 0.954102, -0.272705, 
14.13, 3017.482400, 0.957764, -0.254639, 
14.14, 3048.950900, 0.963379, -0.232178, 
14.15, 3055.943800, 0.968018, -0.229004, 
14.16, 3055.943800, 0.958252, -0.223145, 
14.17, 3080.419400, 0.960938, -0.221191, 
14.18, 3118.880900, 0.962891, -0.222412, 
14.19, 3174.825000, 0.966309, -0.198486, 
14.20, 3185.314500, 0.977539, -0.180908, 
14.21, 3192.307600, 0.971436, -0.183105, 
14.22, 3230.769000, 0.978271, -0.165527, 
14.23, 3241.258500, 0.977051, -0.152344, 
14.24, 3237.762200, 0.971436, -0.136230, 
14.25, 3251.748000, 0.982178, -0.137207, 
14.26, 3265.734100, 0.972656, -0.139160, 
14.27, 3297.202600, 0.968018, -0.121582, 
14.28, 3314.685100, 0.979004, -0.089844, 
14.29, 3251.748000, 0.981934, -0.064453, 
14.30, 3178.321500, 0.975342, -0.056396, 
14.31, 3097.901900, 0.986816, -0.037598, 
14.32, 3017.482400, 0.988037, -0.029785, 
14.33, 2930.069800, 0.998535, -0.016113, 
14.34, 2825.174800, 0.983887, -0.007080, 
14.35, 2734.265600, 0.989258, -0.002197, 
14.36, 2636.363500, 0.994385, 0.008789, 
14.37, 2583.916000, 0.979736, -0.028320, 
14.38, 2573.426500, 0.982422, -0.000244, 
14.39, 2531.468500, 0.991943, 0.008545, 
14.40, 2475.524400, 0.992920, 0.010010, 
14.41, 2465.034900, 0.998047, 0.005615, 
14.42, 2437.062700, 0.989014, 0.031006, 
14.43, 2398.601300, 0.993652, 0.027100, 
14.44, 2367.132800, 0.998291, 0.024414, 
14.45, 2367.132800, 0.994629, 0.032227, 
14.46, 2381.118700, 0.984375, 0.035156, 
14.47, 2363.636200, 0.995605, 0.063965, 
14.48, 2314.685300, 0.979248, 0.070801, 
14.49, 2258.741200, 0.993896, 0.085693, 
14.50, 2213.286600, 1.001465, 0.072510, 
14.51, 2192.307600, 0.991455, 0.071045, 
14.52, 2181.818100, 0.995117, 0.081787, 
14.53, 2167.832000, 0.995850, 0.080078, 
14.54, 2174.825200, 0.985840, 0.084717, 
14.55, 2181.818100, 0.984131, 0.089355, 
14.56, 2181.818100, 0.983643, 0.100098, 
14.57, 2188.811000, 0.992920, 0.112061, 
14.58, 2178.321500, 0.993408, 0.118164, 
14.59, 2185.314700, 0.986084, 0.132080, 
14.60, 2157.342500, 0.987549, 0.127930, 
14.61, 2171.328600, 0.986816, 0.117920, 
14.62, 2220.279500, 0.979492, 0.126221, 
14.63, 2230.769000, 0.980713, 0.138672, 
14.64, 2241.258500, 0.987305, 0.148438, 
14.65, 2248.251700, 0.965820, 0.156250, 
14.66, 2251.748000, 0.979736, 0.169678, 
14.67, 2255.244600, 0.980225, 0.166504, 
14.68, 2262.237500, 0.989014, 0.171875, 
14.69, 2272.727100, 0.968750, 0.166748, 
14.70, 2325.174800, 0.972168, 0.173096, 
14.71, 2356.643300, 0.974609, 0.196777, 
14.72, 2335.664300, 0.983887, 0.217529, 
14.73, 2283.216800, 0.968994, 0.223145, 
14.74, 2251.748000, 0.965332, 0.229492, 
14.75, 2202.797100, 0.972900, 0.250244, 
14.76, 2132.866900, 0.963623, 0.254883, 
14.77, 2090.908900, 0.979004, 0.264404, 
14.78, 2048.950900, 0.976807, 0.251953, 
14.79, 2013.986000, 0.971191, 0.260254, 
14.80, 1972.027800, 0.958984, 0.267578, 
14.81, 1944.055900, 0.964355, 0.268799, 
14.82, 1944.055900, 0.961914, 0.258057, 
14.83, 1944.055900, 0.958740, 0.269531, 
14.84, 1926.573400, 0.953125, 0.288818, 
14.85, 1874.125700, 0.949219, 0.288574, 
14.86, 1849.650300, 0.951416, 0.301025, 
14.87, 1807.692300, 0.941895, 0.311035, 
14.88, 1751.748200, 0.947754, 0.321777, 
14.89, 1685.314600, 0.946289, 0.325195, 
14.90, 1632.867100, 0.957520, 0.304199, 
14.91, 1660.839100, 0.945557, 0.277832, 
14.92, 1741.258700, 0.942871, 0.278564, 
14.93, 1835.664300, 0.936279, 0.276611, 
14.94, 1891.608300, 0.941650, 0.313232, 
14.95, 1919.580300, 0.945068, 0.319336, 
14.96, 1930.069800, 0.940674, 0.322754, 
14.97, 1940.559300, 0.935791, 0.348633, 
14.98, 1916.083900, 0.940674, 0.353027, 
14.99, 1905.594400, 0.938232, 0.343262, 
15.00, 1926.573400, 0.930908, 0.353027, 
15.01, 1909.090800, 0.915527, 0.354736, 
15.02, 1912.587300, 0.933838, 0.371338, 
15.03, 1867.132800, 0.924316, 0.374512, 
15.04, 1853.146700, 0.924561, 0.383301, 
15.05, 1811.188700, 0.925537, 0.399170, 
15.06, 1765.734100, 0.927979, 0.402100, 
15.07, 1720.279700, 0.907715, 0.402588, 
15.08, 1685.314600, 0.918701, 0.397217, 
15.09, 1678.321700, 0.908203, 0.397217, 
15.10, 1667.832000, 0.913330, 0.405518, 
15.11, 1653.846100, 0.915771, 0.411133, 
15.12, 1639.860100, 0.907471, 0.409424, 
15.13, 1629.370600, 0.910400, 0.411133, 
15.14, 1636.363500, 0.889404, 0.419678, 
15.15, 1615.384500, 0.904297, 0.420166, 
15.16, 1629.370600, 0.895996, 0.424561, 
15.17, 1622.377600, 0.897217, 0.430176, 
15.18, 1625.874000, 0.896729, 0.431396, 
15.19, 1639.860100, 0.885254, 0.442139, 
15.20, 1618.881100, 0.891113, 0.449707, 
15.21, 1643.356600, 0.888916, 0.437500, 
15.22, 1639.860100, 0.893311, 0.446777, 
15.23, 1657.342500, 0.883057, 0.454590, 
15.24, 1639.860100, 0.889404, 0.466064, 
15.25, 1608.391500, 0.880371, 0.468262, 
15.26, 1590.909100, 0.880127, 0.479980, 
15.27, 1552.447500, 0.889648, 0.482422, 
15.28, 1510.489400, 0.873047, 0.489990, 
15.29, 1496.503400, 0.876465, 0.483887, 
15.30, 1465.034900, 0.871582, 0.497070, 
15.31, 1447.552400, 0.871582, 0.487549, 
15.32, 1440.559300, 0.867432, 0.497070, 
15.33, 1419.580300, 0.859863, 0.496338, 
15.34, 1412.587400, 0.878906, 0.495605, 
15.35, 1416.083900, 0.857422, 0.499268, 
15.36, 1398.601300, 0.858887, 0.496826, 
15.37, 1409.090800, 0.850586, 0.496094, 
15.38, 1437.062900, 0.852783, 0.491699, 
15.39, 1454.545400, 0.846436, 0.498291, 
15.40, 1486.013900, 0.838623, 0.513184, 
15.41, 1475.524400, 0.848389, 0.531738, 
15.42, 1447.552400, 0.852539, 0.528809, 
15.43, 1437.062900, 0.846436, 0.530029, 
15.44, 1409.090800, 0.846680, 0.538818, 
15.45, 1384.615400, 0.836670, 0.546875, 
15.46, 1374.125900, 0.853271, 0.520264, 
15.47, 1416.083900, 0.847412, 0.517578, 
15.48, 1465.034900, 0.837402, 0.522461, 
15.49, 1475.524400, 0.833252, 0.543701, 
15.50, 1482.517500, 0.820313, 0.547852, 
15.51, 1503.496500, 0.824219, 0.541992, 
15.52, 1541.958000, 0.830078, 0.547363, 
15.53, 1548.950900, 0.822266, 0.559326, 
15.54, 1538.461400, 0.827881, 0.562500, 
15.55, 1559.440400, 0.823730, 0.560059, 
15.56, 1534.965000, 0.818359, 0.587402, 
15.57, 1510.489400, 0.827393, 0.600830, 
15.58, 1440.559300, 0.804443, 0.630371, 
15.59, 1342.657200, 0.810303, 0.606934, 
15.60, 1286.713300, 0.809814, 0.608643, 
15.61, 1209.790200, 0.799072, 0.626465, 
15.62, 1146.853100, 0.811768, 0.608643, 
15.63, 1080.419600, 0.799316, 0.611816, 
15.64, 1010.489400, 0.789551, 0.644287, 
15.65, 874.125850, 0.811523, 0.655029, 
15.66, 751.748230, 0.811035, 0.641357, 
15.67, 671.328610, 0.799316, 0.640625, 
15.68, 541.958010, 0.799316, 0.646973, 
15.69, 430.069920, 0.801025, 0.640625, 
15.70, 353.146850, 0.798584, 0.638184, 
15.71, 269.230740, 0.802979, 0.629150, 
15.72, 216.783200, 0.787598, 0.623779, 
15.73, 160.839160, 0.798340, 0.626953, 
15.74, 111.888110, 0.795166, 0.615723, 
15.75, 87.412582, 0.801025, 0.612793, 
15.76, 41.958038, 0.799316, 0.612549, 
15.77, 41.958038, 0.791016, 0.599365, 
15.78, 34.965034, 0.798096, 0.598389, 
15.79, 24.475523, 0.799805, 0.606445, 
15.80, 34.965034, 0.798096, 0.594238, 
15.81, 38.461536, 0.793213, 0.594238, 
15.82, 31.468531, 0.792725, 0.597656, 
15.83, 48.951046, 0.815674, 0.597656, 
15.84, 62.937061, 0.802246, 0.599365, 
15.85, 62.937061, 0.793701, 0.597900, 
15.86, 69.930069, 0.794678, 0.604736, 
15.87, 87.412582, 0.795410, 0.591309, 
15.88, 97.902092, 0.801514, 0.589600, 
15.89, 122.377620, 0.795166, 0.598877, 
15.90, 129.370620, 0.798828, 0.590820, 
15.91, 139.860140, 0.796143, 0.594727, 
15.92, 167.832150, 0.794434, 0.593750, 
15.93, 178.321670, 0.810303, 0.596680, 
15.94, 185.314680, 0.781494, 0.583496, 
15.95, 206.293700, 0.807861, 0.589355, 
15.96, 230.769230, 0.794678, 0.593262, 
15.97, 241.258730, 0.799316, 0.600098, 
15.98, 227.272720, 0.798584, 0.612305, 
15.99, 220.279710, 0.808350, 0.611572, 
16.00, 220.279710, 0.795166, 0.603516, 
16.01, 188.811170, 0.797363, 0.614746, 
16.02, 157.342650, 0.799316, 0.617188, 
16.03, 132.867130, 0.807373, 0.607422, 
16.04, 118.881110, 0.788818, 0.617432, 
16.05, 101.398600, 0.796143, 0.613037, 
16.06, 73.426567, 0.801025, 0.607666, 
16.07, 73.426567, 0.799072, 0.601807, 
16.08, 52.447552, 0.794678, 0.610107, 
16.09, 48.951046, 0.793457, 0.611572, 
16.10, 24.475523, 0.793457, 0.604248, 
16.11, 27.972027, 0.789795, 0.600098, 
16.12, 17.482517, 0.784912, 0.601074, 
16.13, 24.475523, 0.802734, 0.599121, 
16.14, 34.965034, 0.794922, 0.597656, 
16.15, 41.958038, 0.784668, 0.585693, 
16.16, 76.923073, 0.802979, 0.582520, 
16.17, 118.881110, 0.798584, 0.587402, 
16.18, 136.363630, 0.786377, 0.587891, 
16.19, 192.307680, 0.790039, 0.576416, 
16.20, 241.258730, 0.793945, 0.588379, 
16.21, 258.741240, 0.792969, 0.590576, 
16.22, 283.216770, 0.792236, 0.599854, 
16.23, 272.727260, 0.790039, 0.602295, 
16.24, 286.713290, 0.792969, 0.600830, 
16.25, 265.734250, 0.796631, 0.605713, 
16.26, 255.244740, 0.795410, 0.615967, 
16.27, 230.769230, 0.809326, 0.607178, 
16.28, 220.279710, 0.781738, 0.616211, 
16.29, 181.818180, 0.789795, 0.625244, 
16.30, 146.853130, 0.795410, 0.617920, 
16.31, 101.398600, 0.804443, 0.622559, 
16.32, 62.937061, 0.799316, 0.619385, 
16.33, 20.979019, 0.789551, 0.611572, 
16.34, -6.993007, 0.796143, 0.618896, 
16.35, -27.972027, 0.795654, 0.612061, 
16.36, -34.965034, 0.793457, 0.613281, 
16.37, -55.944054, 0.794922, 0.604980, 
16.38, -73.426567, 0.792236, 0.608398, 
16.39, -59.440556, 0.808350, 0.600342, 
16.40, -52.447552, 0.796387, 0.595703, 
16.41, -62.937061, 0.795166, 0.598145, 
16.42, -24.475523, 0.794922, 0.592285, 
16.43, -17.482517, 0.791260, 0.590332, 
16.44, 10.489510, 0.792969, 0.598877, 
16.45, 17.482517, 0.793701, 0.591309, 
16.46, 20.979019, 0.786621, 0.597168, 
16.47, 24.475523, 0.804199, 0.599609, 
16.48, 34.965034, 0.791016, 0.594727, 
16.49, 55.944054, 0.799561, 0.599121, 
16.50, 55.944054, 0.793945, 0.599365, 
16.51, 52.447552, 0.790039, 0.592529, 
16.52, 55.944054, 0.807617, 0.599121, 
16.53, 73.426567, 0.794922, 0.591553, 
16.54, 83.916077, 0.801025, 0.590576, 
16.55, 108.391600, 0.802734, 0.594238, 
16.56, 118.881110, 0.793213, 0.585449, 
16.57, 143.356640, 0.803955, 0.598877, 
16.58, 125.874120, 0.803955, 0.603516, 
16.59, 118.881110, 0.797119, 0.603760, 
16.60, 115.384610, 0.795654, 0.609131, 
16.61, 101.398600, 0.791748, 0.603516, 
16.62, 80.419579, 0.792969, 0.603271, 
16.63, 69.930069, 0.808838, 0.604248, 
16.64, 62.937061, 0.792236, 0.601318, 
16.65, 52.447552, 0.788086, 0.601563, 
16.66, 31.468531, 0.801758, 0.599854, 
16.67, 17.482517, 0.802002, 0.596191, 
16.68, 17.482517, 0.798828, 0.598877, 
16.69, 38.461536, 0.801270, 0.582275, 
16.70, 52.447552, 0.796875, 0.583984, 
16.71, 52.447552, 0.799805, 0.594238, 
16.72, 62.937061, 0.812988, 0.595947, 
16.73, 62.937061, 0.801758, 0.589600, 
16.74, 69.930069, 0.801514, 0.594238, 
16.75, 69.930069, 0.803711, 0.600098, 
16.76, 62.937061, 0.809326, 0.604004, 
16.77, 62.937061, 0.807617, 0.591553, 
16.78, 52.447552, 0.798584, 0.593506, 
16.79, 55.944054, 0.806396, 0.592041, 
16.80, 69.930069, 0.806396, 0.590576, 
16.81, 59.440556, 0.796143, 0.589844, 
16.82, 90.909088, 0.802246, 0.585449, 
16.83, 80.419579, 0.789063, 0.607422, 
16.84, 94.405586, 0.798096, 0.600342, 
16.85, 76.923073, 0.793213, 0.600830, 
16.86, 45.454544, 0.796875, 0.602295, 
16.87, 31.468531, 0.796143, 0.600342, 
16.88, -0.000000, 0.800049, 0.609863, 
16.89, -31.468531, 0.802734, 0.591064, 
16.90, -20.979019, 0.808350, 0.591553, 
16.91, -17.482517, 0.806641, 0.590820, 
16.92, 3.496503, 0.793213, 0.578613, 
16.93, 45.454544, 0.792480, 0.572510, 
16.94, 66.433563, 0.800537, 0.574219, 
16.95, 129.370620, 0.807373, 0.570801, 
16.96, 171.328660, 0.805420, 0.575684, 
16.97, 181.818180, 0.794434, 0.580566, 
16.98, 206.293700, 0.803955, 0.579102, 
16.99, 237.762220, 0.813232, 0.577393, 
17.00, 262.237760, 0.809326, 0.583008, 
17.01, 307.692290, 0.814209, 0.586914, 
17.02, 321.678310, 0.808838, 0.587891, 
17.03, 335.664310, 0.806396, 0.597656, 
17.04, 318.181790, 0.807617, 0.594482, 
17.05, 300.699280, 0.809082, 0.606445, 
17.06, 293.706270, 0.803467, 0.601807, 
17.07, 279.720280, 0.804932, 0.604248, 
17.08, 251.748250, 0.798584, 0.603516, 
17.09, 248.251740, 0.805176, 0.598145, 
17.10, 248.251740, 0.796143, 0.596436, 
17.11, 244.755230, 0.790771, 0.593994, 
17.12, 244.755230, 0.798096, 0.595459, 
17.13, 244.755230, 0.794189, 0.605469, 
17.14, 244.755230, 0.800537, 0.597656, 
17.15, 234.265720, 0.797363, 0.605713, 
17.16, 230.769230, 0.793213, 0.606689, 
17.17, 213.286700, 0.800537, 0.604980, 
17.18, 202.797200, 0.800293, 0.600586, 
17.19, 213.286700, 0.795410, 0.600098, 
17.20, 195.804180, 0.791016, 0.597900, 
17.21, 223.776210, 0.794434, 0.591797, 
17.22, 213.286700, 0.794922, 0.602051, 
17.23, 220.279710, 0.793701, 0.604492, 
17.24, 216.783200, 0.796387, 0.604248, 
17.25, 202.797200, 0.792969, 0.613281, 
17.26, 174.825160, 0.790283, 0.609619, 
17.27, 157.342650, 0.793945, 0.606201, 
17.28, 136.363630, 0.802734, 0.611816, 
17.29, 129.370620, 0.797852, 0.608398, 
17.30, 118.881110, 0.799561, 0.606445, 
17.31, 104.895100, 0.794678, 0.606201, 
17.32, 87.412582, 0.796875, 0.609131, 
17.33, 76.923073, 0.792969, 0.603760, 
17.34, 69.930069, 0.798096, 0.605225, 
17.35, 69.930069, 0.801758, 0.600342, 
17.36, 45.454544, 0.807861, 0.607178, 
17.37, 31.468531, 0.785645, 0.613281, 
17.38, 6.993007, 0.800293, 0.608887, 
17.39, -6.993007, 0.798584, 0.600586, 
17.40, -10.489510, 0.797119, 0.594482, 
17.41, -0.000000, 0.797607, 0.588379, 
17.42, 34.965034, 0.800293, 0.584717, 
17.43, 69.930069, 0.797363, 0.577637, 
17.44, 108.391600, 0.792969, 0.581299, 
17.45, 132.867130, 0.794678, 0.589844, 
17.46, 136.363630, 0.798828, 0.596191, 
17.47, 150.349640, 0.801025, 0.603027, 
17.48, 150.349640, 0.794434, 0.601074, 
17.49, 146.853130, 0.803467, 0.594238, 
17.50, 139.860140, 0.787842, 0.596436, 
17.51, 129.370620, 0.790771, 0.605713, 
17.52, 111.888110, 0.793213, 0.605713, 
17.53, 104.895100, 0.803223, 0.602051, 
17.54, 90.909088, 0.793701, 0.610352, 
17.55, 52.447552, 0.797363, 0.616699, 
17.56, 27.972027, 0.801025, 0.607910, 
17.57, 3.496503, 0.791260, 0.605957, 
17.58, -24.475523, 0.799316, 0.614502, 
17.59, -41.958038, 0.797852, 0.609863, 
17.60, -62.937061, 0.796387, 0.606934, 
17.61, -83.916077, 0.796875, 0.607422, 
17.62, -104.895100, 0.805420, 0.611572, 
17.63, -146.853130, 0.802734, 0.613525, 
17.64, -178.321670, 0.803467, 0.610107, 
17.65, -213.286700, 0.800781, 0.608643, 
17.66, -244.755230, 0.803223, 0.611328, 
17.67, -276.223750, 0.800781, 0.616455, 
17.68, -311.188780, 0.804199, 0.605713, 
17.69, -335.664310, 0.805908, 0.608154, 
17.70, -388.111880, 0.810303, 0.601074, 
17.71, -412.587400, 0.810547, 0.604736, 
17.72, -451.048920, 0.812988, 0.605225, 
17.73, -482.517460, 0.807617, 0.590332, 
17.74, -503.496490, 0.812500, 0.588623, 
17.75, -531.468510, 0.800049, 0.598633, 
17.76, -566.433530, 0.816650, 0.591064, 
17.77, -569.930050, 0.813721, 0.576416, 
17.78, -587.412540, 0.809814, 0.588623, 
17.79, -622.377560, 0.813965, 0.589600, 
17.80, -639.860110, 0.820801, 0.574951, 
17.81, -674.825130, 0.820313, 0.588135, 
17.82, -716.783200, 0.816650, 0.588135, 
17.83, -737.762210, 0.824219, 0.563721, 
17.84, -758.741210, 0.820068, 0.582520, 
17.85, -797.202760, 0.811279, 0.579346, 
17.86, -839.160830, 0.822754, 0.577148, 
17.87, -884.615360, 0.834229, 0.581299, 
17.88, -916.083860, 0.834961, 0.566650, 
17.89, -926.573360, 0.836670, 0.565918, 
17.90, -958.041930, 0.829346, 0.564941, 
17.91, -996.503480, 0.829834, 0.555908, 
17.92, -1017.482500, 0.839111, 0.556396, 
17.93, -1041.958000, 0.839844, 0.548584, 
17.94, -1052.447500, 0.828369, 0.547119, 
17.95, -1087.412600, 0.845215, 0.555420, 
17.96, -1139.860100, 0.846191, 0.548584, 
17.97, -1160.839100, 0.851563, 0.537598, 
17.98, -1185.314600, 0.843994, 0.530762, 
17.99, -1202.797100, 0.842773, 0.524658, 
18.00, -1220.279700, 0.852051, 0.529785, 
18.01, -1248.251700, 0.859619, 0.517090, 
18.02, -1248.251700, 0.847412, 0.520020, 
18.03, -1265.734300, 0.857178, 0.515381, 
18.04, -1272.727200, 0.859131, 0.510010, 
18.05, -1290.209700, 0.854492, 0.507324, 
18.06, -1311.188700, 0.865479, 0.516113, 
18.07, -1356.643300, 0.863525, 0.495117, 
18.08, -1360.139800, 0.871338, 0.497070, 
18.09, -1377.622300, 0.877441, 0.496094, 
18.10, -1377.622300, 0.868652, 0.479248, 
18.11, -1395.104900, 0.873779, 0.481445, 
18.12, -1391.608300, 0.884766, 0.472900, 
18.13, -1384.615400, 0.878906, 0.462646, 
18.14, -1363.636400, 0.875732, 0.445557, 
18.15, -1339.160800, 0.888916, 0.462891, 
18.16, -1356.643300, 0.884521, 0.468750, 
18.17, -1374.125900, 0.890381, 0.458740, 
18.18, -1388.111800, 0.889648, 0.449463, 
18.19, -1402.097800, 0.888428, 0.445557, 
18.20, -1388.111800, 0.906250, 0.439209, 
18.21, -1398.601300, 0.903076, 0.442871, 
18.22, -1395.104900, 0.893799, 0.427002, 
18.23, -1388.111800, 0.895264, 0.434082, 
18.24, -1398.601300, 0.901611, 0.421387, 
18.25, -1391.608300, 0.907471, 0.410400, 
18.26, -1381.118800, 0.910889, 0.414063, 
18.27, -1370.629300, 0.901611, 0.400146, 
18.28, -1353.146900, 0.911377, 0.405273, 
18.29, -1349.650300, 0.905762, 0.398438, 
18.30, -1342.657200, 0.914795, 0.399902, 
18.31, -1353.146900, 0.913818, 0.402832, 
18.32, -1377.622300, 0.905273, 0.401855, 
18.33, -1395.104900, 0.912842, 0.400146, 
18.34, -1416.083900, 0.922607, 0.380615, 
18.35, -1416.083900, 0.919678, 0.380371, 
18.36, -1426.573400, 0.918213, 0.373291, 
18.37, -1412.587400, 0.923584, 0.356934, 
18.38, -1409.090800, 0.929443, 0.352783, 
18.39, -1395.104900, 0.938721, 0.354004, 
18.40, -1360.139800, 0.930908, 0.349121, 
18.41, -1356.643300, 0.939209, 0.354980, 
18.42, -1384.615400, 0.932617, 0.356934, 
18.43, -1402.097800, 0.933105, 0.345703, 
18.44, -1426.573400, 0.929443, 0.348633, 
18.45, -1430.069800, 0.938232, 0.340332, 
18.46, -1437.062900, 0.936768, 0.320801, 
18.47, -1423.076900, 0.947021, 0.317871, 
18.48, -1398.601300, 0.938721, 0.312012, 
18.49, -1377.622300, 0.945557, 0.309082, 
18.50, -1353.146900, 0.947998, 0.295410, 
18.51, -1318.181800, 0.936768, 0.292969, 
18.52, -1279.720200, 0.956299, 0.285156, 
18.53, -1248.251700, 0.948975, 0.278320, 
18.54, -1202.797100, 0.952881, 0.273193, 
18.55, -1146.853100, 0.973389, 0.274414, 
18.56, -1115.384500, 0.961670, 0.266846, 
18.57, -1062.937000, 0.957764, 0.266846, 
18.58, -1031.468500, 0.959961, 0.264404, 
18.59, -1006.993000, 0.957031, 0.278320, 
18.60, -1010.489400, 0.959961, 0.280273, 
18.61, -1017.482500, 0.944580, 0.273682, 
18.62, -1006.993000, 0.967285, 0.260010, 
18.63, -975.524410, 0.957520, 0.248779, 
18.64, -933.566410, 0.960449, 0.234863, 
18.65, -891.608340, 0.960205, 0.236084, 
18.66, -846.153810, 0.965332, 0.245117, 
18.67, -811.188780, 0.971680, 0.229004, 
18.68, -772.727230, 0.971191, 0.241455, 
18.69, -772.727230, 0.969238, 0.249023, 
18.70, -765.734250, 0.968506, 0.244629, 
18.71, -765.734250, 0.973633, 0.244385, 
18.72, -790.209780, 0.970703, 0.250488, 
18.73, -807.692260, 0.966797, 0.253418, 
18.74, -842.657290, 0.975586, 0.245117, 
18.75, -874.125850, 0.964844, 0.240967, 
18.76, -909.090880, 0.964600, 0.236816, 
18.77, -912.587340, 0.974121, 0.230469, 
18.78, -930.069890, 0.975830, 0.226807, 
18.79, -961.538390, 0.969238, 0.224609, 
18.80, -951.048890, 0.980713, 0.217041, 
18.81, -965.034910, 0.964844, 0.211182, 
18.82, -965.034910, 0.985596, 0.210693, 
18.83, -975.524410, 0.983154, 0.209229, 
18.84, -1006.993000, 0.967773, 0.217529, 
18.85, -1041.958000, 0.982178, 0.215576, 
18.86, -1087.412600, 0.980957, 0.227539, 
18.87, -1153.846100, 0.978516, 0.212891, 
18.88, -1216.783200, 0.986816, 0.208740, 
18.89, -1258.741200, 0.980957, 0.204102, 
18.90, -1286.713300, 0.986328, 0.184570, 
18.91, -1279.720200, 0.995605, 0.161133, 
18.92, -1237.762200, 0.980225, 0.161377, 
18.93, -1223.776100, 0.990234, 0.155029, 
18.94, -1213.286600, 0.988525, 0.161377, 
18.95, -1209.790200, 0.989258, 0.168945, 
18.96, -1223.776100, 0.984375, 0.158691, 
18.97, -1223.776100, 0.986816, 0.153076, 
18.98, -1244.755100, 0.982666, 0.141113, 
18.99, -1223.776100, 0.986084, 0.130371, 
19.00, -1199.300700, 0.985840, 0.139404, 
19.01, -1195.804200, 0.987061, 0.125000, 
19.02, -1143.356600, 0.994141, 0.103027, 
19.03, -1094.405500, 0.977783, 0.102051, 
19.04, -1038.461500, 0.998779, 0.108154, 
19.05, -1020.978900, 0.992676, 0.110352, 
19.06, -1010.489400, 0.990723, 0.115234, 
19.07, -996.503480, 0.992432, 0.111816, 
19.08, -999.999940, 0.992676, 0.103516, 
19.09, -982.517460, 0.987549, 0.099121, 
19.10, -961.538390, 1.000977, 0.092041, 
19.11, -937.062870, 0.987061, 0.086914, 
19.12, -912.587340, 0.989258, 0.087646, 
19.13, -912.587340, 0.990967, 0.090088, 
19.14, -912.587340, 0.993652, 0.093994, 
19.15, -923.076900, 0.997559, 0.094238, 
19.16, -958.041930, 1.001465, 0.088379, 
19.17, -972.027950, 0.982422, 0.086670, 
19.18, -982.517460, 0.997314, 0.077393, 
19.19, -975.524410, 0.995605, 0.064453, 
19.20, -954.545410, 0.992188, 0.065918, 
19.21, -954.545410, 1.008545, 0.064697, 
19.22, -951.048890, 0.993652, 0.067383, 
19.23, -951.048890, 0.992188, 0.071777, 
19.24, -972.027950, 0.988770, 0.072754, 
19.25, -1003.496500, 0.998779, 0.068604, 
19.26, -1034.965000, 0.998291, 0.069580, 
19.27, -1076.923000, 0.998291, 0.061035, 
19.28, -1104.895000, 0.991943, 0.052734, 
19.29, -1129.370600, 0.992188, 0.046387, 
19.30, -1171.328600, 0.988525, 0.040039, 
19.31, -1171.328600, 0.993652, 0.027100, 
19.32, -1167.832200, 1.005127, 0.031738, 
19.33, -1185.314600, 0.994141, 0.026855, 
19.34, -1181.818100, 1.001709, 0.019287, 
19.35, -1178.321700, 0.998779, 0.021729, 
19.36, -1150.349600, 0.990479, 0.006348, 
19.37, -1143.356600, 0.995117, 0.002930, 
19.38, -1101.398600, 1.006348, -0.014648, 
19.39, -1045.454500, 0.993896, -0.013184, 
19.40, -1017.482500, 0.992188, -0.016113, 
19.41, -989.510440, 0.995361, -0.026123, 
19.42, -944.055910, 0.995361, -0.025635, 
19.43, -909.090880, 1.000732, -0.034424, 
19.44, -863.636350, 0.990967, -0.034180, 
19.45, -818.181760, 0.996338, -0.037109, 
19.46, -797.202760, 0.995117, -0.037598, 
19.47, -779.720210, 0.994873, -0.030518, 
19.48, -762.237730, 0.998291, -0.033203, 
19.49, -762.237730, 0.988770, -0.024414, 
19.50, -779.720210, 0.991943, -0.017822, 
19.51, -825.174800, 1.000732, -0.014160, 
19.52, -867.132810, 1.005615, -0.012451, 
19.53, -930.069890, 0.988770, -0.020752, 
19.54, -961.538390, 0.998535, -0.035889, 
19.55, -979.020940, 0.993896, -0.043213, 
19.56, -986.013920, 1.004395, -0.046387, 
19.57, -996.503480, 0.991943, -0.050293, 
19.58, -986.013920, 0.976318, -0.053223, 
19.59, -1010.489400, 0.988525, -0.058838, 
19.60, -1006.993000, 1.001465, -0.063721, 
19.61, -1017.482500, 0.993164, -0.058350, 
19.62, -1034.965000, 1.002441, -0.069580, 
19.63, -1045.454500, 0.995361, -0.064209, 
19.64, -1087.412600, 1.001953, -0.065186, 
19.65, -1097.902100, 1.000488, -0.075195, 
19.66, -1115.384500, 0.981934, -0.079590, 
19.67, -1153.846100, 0.994629, -0.081055, 
19.68, -1160.839100, 0.992188, -0.092041, 
19.69, -1181.818100, 0.991211, -0.091797, 
19.70, -1188.811200, 0.993408, -0.103271, 
19.71, -1178.321700, 0.989258, -0.101318, 
19.72, -1185.314600, 0.996826, -0.111084, 
19.73, -1167.832200, 0.999023, -0.111572, 
19.74, -1174.825100, 0.987305, -0.112793, 
19.75, -1146.853100, 0.989990, -0.126953, 
19.76, -1125.874000, 0.991211, -0.139404, 
19.77, -1104.895000, 0.987793, -0.133545, 
19.78, -1097.902100, 0.983887, -0.124512, 
19.79, -1129.370600, 0.976563, -0.125000, 
19.80, -1143.356600, 0.981201, -0.129150, 
19.81, -1171.328600, 0.990479, -0.142822, 
19.82, -1195.804200, 0.985596, -0.142090, 
19.83, -1199.300700, 0.983643, -0.162354, 
19.84, -1146.853100, 0.995361, -0.181396, 
19.85, -1104.895000, 0.985107, -0.170166, 
19.86, -1094.405500, 0.968018, -0.172607, 
19.87, -1076.923000, 0.983643, -0.170166, 
19.88, -1073.426500, 0.978516, -0.171875, 
19.89, -1076.923000, 0.977051, -0.171875, 
19.90, -1080.419600, 0.973877, -0.174072, 
19.91, -1073.426500, 0.977051, -0.178955, 
19.92, -1059.440600, 0.988525, -0.181152, 
19.93, -1066.433500, 0.983398, -0.191162, 
19.94, -1055.944000, 0.984375, -0.193359, 
19.95, -1048.951000, 0.976318, -0.188721, 
19.96, -1062.937000, 0.973633, -0.190186, 
19.97, -1090.909100, 0.978271, -0.190674, 
19.98, -1108.391600, 0.984375, -0.206787, 
