aX, aY, aZ, rX, rY, rZ
388, 14760, 5904, -392, 19, -77,
528, 14720, 6192, -325, 73, -90,
444, 14932, 6224, -266, 52, -79,
420, 14984, 6068, -319, 91, -77,
336, 15236, 5992, -504, -2, -73,
372, 15076, 5884, -670, -51, -69,
584, 14860, 6156, -686, 30, -88,
312, 15188, 5944, -738, 43, -65,
416, 16184, 6104, -1333, -35, -97,
572, 16112, 6280, -2127, 45, -34,
432, 15240, 6360, -2543, 5, -41,
372, 14852, 6260, -2637, -16, -60,
384, 15592, 6400, -2971, -42, -70,
464, 15552, 6600, -3479, 26, -69,
324, 14876, 6664, -3782, 53, -30,
500, 14532, 6716, -3776, 61, -40,
304, 14540, 6864, -3754, 48, -77,
436, 14728, 7048, -3826, 32, -43,
368, 14788, 7064, -4062, 52, -33,
564, 14892, 7280, -4313, 36, -29,
448, 15260, 7228, -4755, 67, -10,
332, 15732, 7380, -5552, -28, -16,
548, 15776, 7772, -6480, -52, -35,
452, 15644, 7896, -7399, -15, -31,
436, 15112, 7896, -8280, -17, -22,
588, 14636, 8192, -8935, -18, -16,
540, 14196, 8436, -9411, -24, 11,
472, 13948, 8740, -9845, 1, 1,
452, 13280, 9048, -10038, -24, 16,
540, 13044, 9380, -10164, -39, 2,
512, 13028, 9868, -10323, -4, -8,
460, 13052, 9964, -10709, -36, 0,
696, 11972, 10168, -10875, 36, -12,
380, 11224, 10564, -10569, -23, 3,
648, 11280, 10872, -10367, -28, -4,
472, 11084, 11060, -10186, -31, -10,
496, 10712, 11392, -10090, -43, 5,
708, 10644, 11660, -10052, -51, 11,
424, 10240, 12124, -10020, -49, -26,
456, 9436, 11984, -9796, -29, -8,
752, 10012, 12348, -9735, -17, -5,
520, 10020, 12700, -10069, -65, -3,
704, 9180, 12804, -10223, -78, -5,
356, 8696, 13116, -10223, -19, 4,
756, 7764, 13520, -9935, 18, -8,
-16, 7112, 13416, -9363, -53, -33,
836, 7136, 13964, -8819, -43, -28,
312, 7216, 14132, -8406, -38, -18,
536, 7392, 14168, -8372, -6, -18,
660, 7364, 14084, -8441, -86, 2,
808, 7280, 14392, -8577, -21, -1,
528, 7056, 14440, -8915, -16, -14,
580, 6576, 14676, -9252, -6, -22,
748, 5560, 14948, -9222, -39, -1,
548, 5708, 14872, -9176, -15, 0,
656, 6256, 14968, -9532, 28, -22,
1140, 6200, 15220, -10219, -38, 6,
-44, 5028, 14960, -10685, -156, 9,
732, 4372, 15368, -10924, 57, 10,
904, 3936, 15288, -10994, -26, -3,
616, 3400, 15388, -11059, -40, 19,
-200, 1244, 15632, -10765, -158, -16,
980, 1572, 15948, -9881, -67, 3,
236, 1276, 16016, -9399, -64, 4,
988, 1096, 16096, -8976, 5, 18,
916, 1276, 15852, -8781, 32, 4,
444, 1800, 15820, -8999, -7, -5,
856, 2204, 15948, -9625, -13, 8,
716, 1284, 15756, -10254, -82, 3,
532, 216, 15896, -10506, -51, 18,
832, -604, 16040, -10406, -50, 16,
588, -768, 15748, -10334, -25, 16,
588, -708, 15776, -10513, -110, 11,
972, -1436, 15940, -10755, -78, 24,
736, -2008, 15708, -10803, -159, -2,
712, -2360, 15552, -10693, -60, 7,
696, -2556, 15600, -10822, -101, 18,
988, -3152, 15460, -10849, -44, 19,
660, -3792, 15584, -10712, -80, 10,
632, -4464, 15496, -10499, -45, 24,
712, -5016, 15416, -10140, -26, 0,
660, -5588, 15360, -9662, -25, 8,
868, -5844, 15312, -9199, 4, 24,
740, -4844, 14948, -9208, 47, 39,
776, -4692, 15000, -9734, 31, 41,
608, -5392, 14788, -10233, -15, 10,
648, -6800, 14664, -10208, -5, 24,
640, -7836, 14340, -9676, 24, 1,
616, -8148, 14512, -9073, 17, 12,
724, -8004, 14280, -8650, -21, 22,
500, -8324, 14044, -8353, -1, 5,
680, -9220, 14088, -7683, 21, -2,
680, -9508, 13996, -6861, 41, 6,
696, -9424, 13792, -6233, 39, -42,
636, -9076, 13696, -5846, 5, -20,
964, -8032, 13700, -6037, 39, -5,
348, -8500, 13380, -6385, -58, -26,
912, -10236, 13328, -6061, -32, -5,
784, -11372, 13500, -5076, -11, -43,
640, -11120, 13224, -4069, 45, -26,
760, -10032, 12988, -3626, 9, -18,
520, -9228, 12988, -3759, -24, -42,
748, -10164, 13028, -3755, 11, -50,
600, -11216, 12952, -3166, 28, -26,
848, -10904, 13116, -2535, 76, -37,
516, -9320, 12668, -2668, 75, -55,
444, -8480, 12404, -3571, -41, -55,
864, -9760, 12720, -4144, -24, -37,
708, -10440, 12484, -4245, 60, -15,
868, -10536, 12460, -4199, 121, -27,
552, -10492, 12080, -4200, 57, -42,
808, -10052, 12404, -4456, 74, -17,
460, -9252, 12000, -5349, 18, -39,
504, -10060, 11708, -6023, -42, -33,
780, -11452, 11664, -6183, -42, -39,
808, -11736, 11524, -6004, 17, -30,
680, -11404, 11272, -5945, 29, -37,
1224, -10952, 11312, -6255, -36, 22,
1260, -11016, 11160, -6807, 2, -1,
60, -11192, 10452, -7257, -84, -18,
1268, -11596, 10744, -7614, 19, -27,
520, -11856, 10472, -7980, -36, 9,
676, -12548, 10008, -8089, -31, 4,
756, -12892, 10000, -8049, -53, 9,
796, -12588, 9524, -8206, 19, 33,
620, -12240, 9204, -8630, 2, 23,
416, -11952, 8908, -9426, 2, 15,
800, -13528, 8780, -9719, 32, 32,
1088, -14684, 8316, -9308, 39, 42,
940, -15248, 8184, -8704, 124, 23,
468, -14788, 7876, -8209, 78, 3,
848, -14884, 7628, -7892, 56, -12,
696, -16012, 7244, -7239, 9, -26,
716, -16584, 7332, -6076, -5, -5,
688, -15912, 7148, -5182, -28, -32,
712, -14768, 6720, -4954, -37, -16,
868, -13896, 6868, -5271, 65, -12,
712, -13572, 6508, -5988, 113, 9,
716, -14352, 6208, -6510, 60, 10,
684, -15652, 5956, -6352, 47, -7,
596, -16120, 6040, -5816, 52, -33,
652, -15888, 5740, -5405, 24, -21,
684, -16012, 5636, -5003, 112, -17,
572, -16164, 5236, -4569, 95, -43,
620, -16260, 5172, -4113, 84, -31,
644, -16152, 5016, -3651, 43, -68,
476, -15812, 5100, -3050, 321, 122,
-3672, -20536, 5824, -54, 104, -82,
1776, -15920, 6436, 503, -17, 60,
980, -14204, 5204, -467, -39, -46,
-748, -16600, 5404, -184, -89, -98,
592, -15352, 5072, -193, 76, -41,
1684, -14872, 4996, -563, 194, -63,
696, -15496, 4912, -674, 151, -81,
192, -16268, 4744, -450, 124, -23,
456, -15832, 4796, -77, 68, -67,
1028, -15064, 5064, -266, 43, -79,
572, -15776, 5072, -317, 72, -74,
404, -15796, 4948, -43, -50, -86,
484, -16208, 4796, 254, -123, -131,
732, -15864, 5208, 527, -154, -113,
1216, -16128, 5920, 747, 75, -62,
-456, -16972, 5208, 1354, -120, -104,
792, -17716, 5384, 2392, 131, -83,
904, -18284, 5140, 3979, 85, -111,
752, -17964, 5080, 5595, 166, -113,
808, -17032, 5604, 6679, 140, -120,
364, -16344, 5660, 7472, 158, -134,
536, -16084, 5984, 8030, 155, -140,
516, -15996, 6272, 8657, 104, -119,
720, -15616, 6436, 9238, 132, -155,
776, -15440, 6896, 9687, 100, -146,
800, -15668, 7220, 10311, 185, -152,
472, -15036, 7440, 10858, 105, -187,
648, -14724, 7876, 11213, 96, -158,
616, -14140, 8276, 11534, 74, -180,
608, -14032, 8340, 11775, 91, -180,
920, -14188, 8984, 12201, 133, -177,
1080, -13536, 9220, 12555, 257, -162,
-20, -12380, 9312, 12622, 136, -201,
812, -11344, 10132, 12176, 220, -184,
732, -10924, 10420, 11529, 63, -176,
496, -10924, 10648, 11066, 125, -155,
964, -11444, 11252, 10945, 70, -195,
732, -11656, 11504, 11283, 174, -167,
640, -10312, 11876, 11288, 239, -146,
600, -9056, 11996, 10798, 155, -169,
608, -8848, 12316, 10006, 121, -146,
740, -8900, 12528, 9457, 91, -173,
760, -9420, 12764, 9256, 95, -190,
860, -9696, 13448, 9454, 139, -173,
840, -9744, 13364, 9919, 194, -166,
720, -8128, 13472, 10009, 246, -149,
496, -6460, 13596, 9273, 102, -144,
720, -6080, 13984, 8225, 109, -150,
868, -6864, 14200, 7677, 60, -146,
740, -7444, 14340, 7686, 75, -146,
764, -7504, 14380, 7890, 175, -142,
716, -7616, 14624, 8458, 149, -133,
832, -5860, 14904, 8448, 186, -118,
600, -4696, 14864, 7773, 134, -145,
592, -4680, 15012, 7087, 129, -149,
708, -5232, 15156, 6695, 87, -116,
812, -5388, 15308, 6740, 98, -147,
736, -5040, 15332, 6783, 129, -122,
744, -5084, 15540, 6938, 138, -135,
784, -4616, 15424, 7086, 202, -141,
852, -3380, 15664, 6851, 148, -140,
440, -2908, 15436, 6299, 72, -128,
668, -3844, 15688, 6202, 84, -136,
768, -3964, 16068, 6421, 162, -131,
764, -4340, 15828, 6966, 132, -118,
664, -4400, 15644, 7785, 144, -119,
-28, -2356, 15608, 7963, 175, -141,
1096, -1668, 15856, 7676, 159, -141,
380, -1316, 15880, 7314, 90, -141,
852, -1536, 16112, 7121, 187, -132,
536, -2028, 16060, 7293, 96, -120,
588, -2196, 16256, 7808, 129, -125,
748, -1488, 16072, 8285, 153, -139,
748, -1248, 16088, 8738, 77, -143,
628, -824, 15968, 9187, 135, -154,
164, -260, 15980, 9566, 167, -167,
284, -120, 15804, 10002, 122, -72,
916, 564, 15976, 10325, 123, -176,
700, 684, 15804, 10684, 205, -167,
408, 716, 15276, 11319, 18, -153,
528, 3492, 16140, 11020, 97, -155,
-632, 5076, 15684, 9836, 194, -133,
1856, 5284, 15488, 8511, 306, -84,
568, 4764, 15076, 7742, 113, -131,
1032, 4188, 15600, 7324, 145, -134,
660, 3524, 15336, 7495, 170, -98,
288, 3376, 15420, 7945, 70, -128,
652, 3828, 15560, 8391, 166, -129,
444, 4904, 15120, 8586, 109, -147,
632, 6060, 15064, 8274, 167, -111,
800, 6352, 15120, 7863, 108, -119,
580, 6204, 14460, 7630, 176, -112,
588, 6060, 14616, 7613, 39, -126,
948, 6112, 14804, 7837, 196, -140,
388, 6748, 14392, 7889, 191, -135,
600, 7364, 14280, 7724, 125, -118,
592, 7920, 14204, 7408, 51, -147,
228, 7376, 14320, 7300, 191, -114,
552, 7472, 13840, 7531, 108, -107,
480, 7488, 13780, 7777, 213, -100,
548, 7732, 13524, 8128, 137, -124,
476, 8280, 13372, 8471, 128, -131,
772, 9256, 13272, 8455, 148, -143,
544, 10284, 13068, 7952, 160, -144,
576, 10112, 12928, 7416, 106, -126,
796, 9668, 12732, 7338, 147, -141,
384, 10108, 12368, 7317, 109, -137,
424, 10484, 12348, 7070, 81, -140,
516, 10680, 12180, 6854, 133, -112,
628, 10648, 12092, 6776, 153, -111,
552, 10640, 11652, 6824, 164, -83,
460, 10636, 11672, 6950, 134, -120,
636, 10836, 11576, 7218, 217, -119,
292, 11256, 11192, 7233, 117, -124,
624, 11884, 11324, 7172, 123, -110,
464, 12168, 10820, 6975, 180, -122,
304, 12296, 10368, 6705, 121, -116,
740, 12040, 10516, 6696, 131, -96,
520, 12744, 10124, 6733, 184, -83,
368, 13836, 9796, 6045, 98, -104,
612, 13504, 10068, 5439, 73, -116,
424, 13048, 9724, 5192, 115, -125,
428, 12784, 9664, 5119, 90, -91,
508, 12796, 9532, 5207, 91, -124,
388, 12668, 9116, 5462, 108, -120,
380, 12820, 8892, 5751, 106, -97,
632, 13484, 8932, 5840, 127, -117,
596, 14004, 8544, 5618, 151, -119,
632, 13352, 8484, 5647, 159, -100,
588, 13356, 8108, 5926, 173, -94,
328, 14308, 8048, 5737, 136, -108,
452, 14148, 7824, 5640, 124, -105,
548, 14688, 7672, 5413, 129, -116,
428, 14828, 7404, 5036, 90, -74,
600, 14604, 7080, 4759, 153, -98,
588, 14620, 6876, 4694, 143, -76,
448, 15288, 6924, 4362, 132, -58,
464, 16200, 6756, 3597, 120, -77,
228, 17176, 6600, 2260, 38, -92,
508, 16396, 6572, 1101, 2, -70,
528, 14920, 6392, 645, 69, -57,
696, 14052, 6596, 856, 109, -59,
428, 14344, 6416, 1134, 90, -80,
488, 14852, 6432, 1183, 66, -74,
372, 15544, 6448, 841, 77, -59,
448, 15836, 6412, 289, 57, -67,
568, 15008, 6480, -6, 88, -68,
420, 13452, 6348, 544, 89, -90,
696, 12108, 6596, 1910, 136, -75,
540, 13720, 6216, 2965, 186, -80,
656, 18172, 6204, 2043, 193, -78,
16, 19376, 5020, -564, -122, -65,
892, 13896, 6528, -986, 3, -119,
420, 13264, 6376, -21, 140, -66,
384, 15536, 6024, -15, 89, -52,
528, 15152, 6048, -186, 86, -94,
368, 14740, 6156, -164, 72, -51,
284, 15444, 5836, -298, 0, -54,
172, 15576, 5924, -683, 20, -65,
800, 15184, 6268, -989, 70, -72,
512, 15388, 6020, -1074, 111, -28,
320, 16740, 6112, -1854, 38, -71,
416, 16920, 6260, -3080, 65, -38,
300, 16132, 6368, -4049, -37, -67,
452, 15460, 6420, -4484, 34, -54,
380, 15016, 6440, -4803, -56, -50,
700, 14968, 6652, -5013, 39, -43,
328, 14940, 6796, -5244, -42, -57,
324, 15448, 6908, -5720, -36, -16,
492, 15416, 7444, -6346, -99, -40,
536, 15108, 7448, -6894, -71, -48,
536, 14980, 7692, -7451, 28, -20,
404, 15000, 7780, -7961, 4, -11,
428, 14808, 7752, -8574, 25, -3,
520, 14760, 8160, -9208, 10, -17,
504, 14752, 8620, -9978, -61, -5,
500, 14128, 8700, -10587, -38, -3,
468, 13600, 9188, -11076, -25, 2,
452, 12948, 9420, -11293, -34, -15,
332, 12708, 9784, -11439, -25, -17,
528, 12568, 10140, -11701, -74, 34,
416, 11588, 10428, -11645, -135, -11,
772, 10452, 10908, -11164, -32, -9,
572, 10288, 11260, -10528, -36, 8,
576, 10472, 11500, -10141, 32, -13,
428, 10440, 11628, -9967, -35, -21,
508, 10436, 11820, -9927, -45, -3,
452, 10240, 12272, -10050, -39, 7,
524, 9328, 12560, -9819, -70, -5,
672, 8360, 12760, -9279, -38, -20,
592, 8740, 12932, -8885, 25, -6,
356, 8832, 13288, -8786, -91, -31,
780, 8776, 13384, -8813, -5, -21,
488, 8252, 13456, -8742, -31, -18,
696, 8060, 13844, -8690, -51, -7,
556, 7688, 13964, -8618, -43, -28,
596, 6812, 13940, -8284, -45, -23,
584, 6364, 14144, -7742, -60, -5,
640, 6284, 14276, -7251, -40, -4,
552, 6552, 14492, -6978, -17, -39,
764, 7768, 14632, -7429, -68, -29,
540, 8584, 14588, -8523, -10, -9,
664, 7972, 14712, -9749, -76, 12,
556, 7020, 14468, -10708, -26, 8,
684, 5640, 14948, -11072, -75, 16,
484, 4612, 15120, -11078, -34, 10,
700, 4092, 15192, -10844, -64, 7,
740, 4316, 15172, -10881, -7, 30,
604, 4464, 15324, -11227, -11, 31,
668, 3536, 15424, -11536, 34, 26,
496, 2408, 15436, -11417, -12, 36,
604, 1688, 15708, -11019, -31, 25,
540, 1792, 15576, -10779, -35, 20,
824, 1576, 15732, -10800, -11, 4,
-452, 336, 16416, -10480, -164, -2,
728, 1364, 16680, -10539, 77, 40,
180, 2580, 16116, -11404, 12, 25,
460, 1720, 15368, -12679, -44, 2,
712, 768, 15680, -13645, -111, 40,
880, -248, 15492, -14225, -74, 52,
544, -1404, 15128, -14389, -123, 43,
-192, -6344, 15368, -13078, -324, 40,
1120, -6552, 16020, -10769, -24, 39,
484, -3944, 15796, -9469, 47, 13,
384, -3092, 15440, -9531, 2, 20,
772, -3840, 15632, -9573, 39, -8,
980, -4388, 15340, -9475, 29, -8,
996, -4656, 14960, -9362, -1, 11,
940, -4640, 15188, -9364, -87, -7,
680, -4796, 15160, -9539, -5, 15,
696, -4972, 14940, -9799, -5, -10,
768, -5760, 14884, -9826, -52, 11,
740, -6560, 14832, -9725, -52, 1,
844, -7904, 14780, -9164, -18, 23,
480, -8384, 14628, -8128, -31, 12,
920, -8368, 14520, -7404, 50, 27,
816, -8392, 14308, -6776, 0, -17,
652, -10192, 14388, -5411, 6, -18,
684, -13048, 14288, -2850, 24, -36,
1268, -15576, 14580, 1327, 219, -77,
1360, -15204, 14584, 5913, 390, -119,
8, -10656, 14020, 8586, 226, -97,
128, -10604, 13968, 10436, -138, -186,
1220, -11512, 14424, 13177, -57, -222,
780, -10708, 14432, 15742, 73, -206,
848, -9236, 13960, 17990, 205, -228,
-440, -7048, 13584, 19769, 100, -228,
1072, -5924, 14236, 20826, 220, -249,
1012, -4884, 14036, 21879, 410, -263,
408, -2584, 13972, 22295, 359, -236,
744, -712, 14012, 22032, 371, -235,
792, 936, 14140, 21256, 287, -243,
332, 2276, 14320, 20157, 288, -203,
672, 2868, 14556, 18994, 215, -217,
428, 3172, 14796, 18125, 319, -215,
1224, 4112, 14568, 17072, 81, -248,
280, 4872, 14852, 16052, 204, -225,
840, 5972, 14892, 14960, 267, -164,
372, 8524, 14808, 12765, 266, -160,
312, 10720, 15152, 9509, 128, -117,
812, 11072, 15432, 6003, 198, -110,
304, 11184, 14852, 2586, 76, -65,
912, 11392, 15336, -963, 25, -80,
484, 10964, 15272, -4333, -8, -32,
548, 9692, 15124, -7226, 48, -32,
380, 8612, 15072, -9594, -115, 3,
868, 7664, 15412, -11673, -35, 26,
92, 5900, 15216, -13197, -197, 8,
716, 6744, 15508, -14898, 3, 39,
544, 7060, 14812, -17186, -105, 70,
556, 6636, 14408, -19683, -104, 93,
908, 4680, 14308, -21855, -51, 104,
696, -1688, 14588, -21272, -140, 106,
112, 1104, 14532, -21638, -27, 145,
740, 1356, 14296, -23024, -216, 98,
64, -1552, 13716, -23734, -311, 93,
920, -3804, 13748, -23537, -315, 112,
808, -5972, 13652, -22479, -223, 121,
1096, -6660, 14008, -21300, -72, 105,
76, -10464, 13304, -19203, -365, 73,
1108, -10624, 14300, -16432, 130, 111,
608, -9512, 13964, -14594, -62, 106,
460, -9376, 13580, -13214, -116, 42,
892, -11840, 14304, -11212, -132, 5,
1076, -14800, 14360, -7793, 64, 20,
428, -15236, 13832, -3591, 80, -24,
844, -14132, 14220, 29, 53, -87,
720, -13520, 14232, 3133, 108, -89,
576, -13328, 13968, 6117, 30, -117,
876, -13500, 14080, 9385, 107, -156,
784, -12676, 14104, 12446, 132, -185,
776, -11964, 13784, 15088, 262, -186,
824, -10868, 13760, 18091, 257, -243,
1028, -9552, 13656, 20376, 311, -225,
-80, -7512, 12976, 22177, 172, -271,
1132, -5696, 13608, 23303, 254, -284,
476, -4236, 13680, 24039, 201, -302,
704, -2500, 13592, 24342, 307, -320,
448, -712, 13676, 24122, 166, -304,
900, -836, 14180, 24201, 391, -295,
604, 336, 13668, 24381, 420, -284,
448, 3180, 13556, 23784, 386, -262,
404, 5420, 13728, 22293, 233, -268,
676, 5596, 13912, 20820, 189, -242,
680, 5112, 13836, 20038, 181, -265,
920, 5552, 14020, 19614, 290, -230,
400, 6648, 13376, 19124, 301, -238,
784, 7456, 13500, 18479, 246, -227,
804, 8356, 13504, 17770, 335, -205,
632, 10212, 12944, 16497, 297, -196,
52, 11776, 12820, 14532, 133, -156,
988, 11948, 13024, 12549, 194, -170,
624, 12148, 12916, 10716, 260, -131,
252, 12696, 12660, 8765, 93, -133,
696, 12560, 12876, 6932, 110, -137,
644, 11672, 12744, 5690, 189, -123,
628, 11504, 12508, 4737, 201, -87,
560, 13624, 12512, 3119, 178, -82,
360, 15544, 12436, 360, -39, -81,
568, 15216, 12672, -2608, -21, -59,
712, 14692, 12552, -5295, -48, -42,
268, 14884, 12344, -8068, -139, -23,
516, 14332, 12516, -10819, -96, 12,
596, 13864, 12752, -13364, -123, 44,
200, 14352, 12244, -16297, -212, 50,
1204, 12584, 12452, -19020, -173, 82,
396, 10184, 12464, -20708, -131, 89,
732, 9228, 12524, -22167, -66, 137,
792, 8272, 12736, -23473, -10, 156,
676, 7292, 13016, -24622, 8, 154,
608, 6104, 12800, -25746, -5, 127,
288, 4656, 13132, -26540, -145, 147,
532, 2288, 13084, -26851, -213, 141,
704, 700, 13260, -26584, -179, 136,
576, -248, 13412, -26275, -202, 131,
516, -1248, 13424, -25929, -208, 143,
592, -3164, 13572, -25240, -222, 116,
688, -4536, 13568, -24269, -304, 123,
1132, -6440, 14048, -22724, -109, 131,
872, -6912, 13568, -21214, -155, 123,
744, -7012, 13904, -19944, -84, 119,
648, -7444, 13856, -19021, -112, 90,
528, -8076, 13672, -18156, -138, 71,
620, -9448, 13456, -16922, -212, 90,
504, -10096, 13384, -15520, -161, 74,
524, -10304, 13280, -14173, -84, 79,
924, -9628, 13084, -13485, -60, 40,
244, -10032, 12620, -12923, -191, 39,
512, -11492, 12520, -11957, -178, 34,
1132, -13244, 12400, -10154, -358, 20,
1484, -15072, 12520, -7582, 77, 0,
-68, -14836, 12460, -4830, -85, -33,
1504, -15052, 12820, -2325, 74, -21,
412, -15304, 12672, 460, 154, -48,
956, -15108, 12732, 3165, 345, -35,
380, -14224, 12408, 5687, 216, -131,
836, -13480, 12704, 7704, 194, -147,
536, -13048, 12640, 9580, 126, -153,
616, -12360, 12636, 11393, 157, -188,
844, -11968, 13108, 13048, 180, -186,
848, -11332, 12892, 14599, 210, -205,
552, -10304, 12872, 15895, 163, -239,
872, -9688, 13364, 17095, 179, -241,
912, -9140, 13572, 18340, 312, -234,
612, -8032, 13352, 19459, 270, -268,
480, -6712, 13628, 20221, 251, -273,
868, -4600, 13992, 20320, 281, -263,
564, -2776, 13988, 19894, 253, -274,
992, -1156, 14416, 18785, 262, -238,
600, -1044, 14920, 17790, 316, -226,
508, -432, 14772, 16941, 301, -224,
600, 484, 15168, 16002, 254, -208,
644, 1208, 15492, 15203, 206, -198,
840, 896, 15488, 14431, 248, -171,
1532, 1012, 15532, 13991, 374, -162,
180, 1228, 14828, 13824, -12, -203,
952, -424, 15088, 14685, 173, -199,
540, 268, 15348, 15965, 91, -196,
0, 2596, 15180, 16494, 262, -217,
228, 3832, 14588, 16422, 143, -203,
696, 3572, 14900, 16529, 291, -202,
416, 3700, 14188, 17163, 272, -207,
424, 4392, 13500, 17851, 220, -239,
960, 6500, 13724, 17866, 201, -231,
1008, 6612, 13708, 17837, 341, -242,
-44, 6588, 12700, 18087, 276, -175,
1328, 6812, 12856, 18693, 305, -209,
352, 9440, 12148, 18616, 419, -217,
460, 12164, 11436, 17226, 168, -183,
564, 13772, 11884, 15126, 160, -187,
800, 13764, 11808, 13003, 145, -211,
528, 12620, 11616, 11470, 247, -141,
472, 12800, 11592, 10344, 180, -146,
584, 12520, 11468, 9505, 196, -139,
416, 12748, 11092, 8767, 192, -144,
608, 12936, 10884, 8054, 174, -128,
580, 12568, 10576, 7564, 178, -138,
436, 12640, 10360, 7173, 147, -132,
292, 12620, 10176, 6922, 45, -121,
728, 12928, 10292, 6685, 162, -114,
492, 14348, 9940, 5951, 161, -96,
356, 14784, 9728, 4803, 91, -113,
652, 14808, 9776, 3627, 162, -102,
232, 16572, 9660, 2030, 142, -75,
112, 18308, 9624, -839, 62, -73,
148, 15656, 9276, -2888, -162, -68,
740, 13552, 9532, -3547, -234, -47,
632, 13944, 9960, -4059, -75, -24,
644, 15040, 9860, -5203, -12, -41,
348, 15436, 9816, -6786, -10, -10,
1072, 15604, 9984, -8556, -3, -28,
436, 15020, 9952, -10295, 22, -8,
384, 14260, 10408, -11756, 17, 27,
276, 14100, 10596, -13141, -41, 35,
784, 14324, 10688, -14781, -16, 40,
180, 14988, 10880, -17016, -109, 60,
732, 13820, 11060, -19287, -130, 79,
432, 10664, 11300, -20376, -75, 104,
456, 8256, 11692, -20255, -70, 79,
356, 7596, 12208, -19766, -142, 88,
548, 8040, 12680, -19746, -181, 58,
676, 7656, 12892, -20121, -82, 79,
456, 7036, 12972, -20419, -182, 103,
696, 5420, 13376, -20486, -143, 113,
644, 5848, 13760, -20790, -90, 144,
568, 7300, 13988, -22127, -77, 106,
320, 6076, 13824, -23790, -131, 121,
888, 3544, 13524, -24575, -150, 149,
20, -7264, 13340, -22731, -454, 53,
1388, -5496, 15148, -18367, -127, 117,
876, -1560, 15396, -16670, -69, 111,
780, -2116, 15284, -15938, 96, 81,
572, -2512, 15368, -15129, 59, 69,
536, -764, 15364, -15247, -6, 85,
208, -276, 14952, -16314, -136, 53,
672, -2276, 14800, -17094, -259, 56,
432, -4368, 14944, -16988, -160, 77,
760, -5944, 14688, -16145, -93, 55,
520, -6040, 14688, -15359, -8, 47,
808, -5880, 14640, -15013, -77, 72,
644, -6644, 14316, -14664, -109, 56,
636, -6608, 14152, -14451, -131, 45,
836, -6900, 13992, -14445, -89, 71,
580, -7236, 13664, -14519, -84, 77,
672, -8904, 13556, -14259, -64, 78,
832, -9104, 13272, -13737, -59, 45,
872, -7476, 12788, -14138, -119, 53,
228, -8480, 12308, -14777, -209, 57,
1296, -10780, 12340, -14486, -7, 72,
636, -12248, 11868, -13452, -21, 80,
532, -12240, 11636, -12376, -4, 48,
764, -11360, 11528, -11918, -16, 45,
476, -11660, 11392, -11838, -45, 48,
916, -13828, 10928, -10847, 5, 37,
816, -14708, 10932, -9364, -12, 22,
744, -15436, 10900, -7507, 125, 2,
556, -14780, 10448, -5891, 75, -12,
628, -14024, 10584, -4706, 42, -27,
420, -14848, 10204, -3592, -131, -40,
828, -16576, 10392, -1392, -189, -101,
828, -17676, 10348, 1321, -41, -85,
1080, -18308, 10608, 4518, 80, -111,
644, -17172, 10352, 7466, 233, -123,
448, -15788, 10416, 9705, 41, -190,
668, -15532, 10636, 11799, 60, -239,
648, -16176, 10596, 14276, -40, -230,
1072, -15516, 10964, 16863, 106, -257,
584, -14408, 10916, 19194, 132, -281,
788, -13060, 11668, 21103, 169, -365,
668, -11220, 11436, 22383, 134, -354,
1208, -8384, 11836, 22641, 465, -348,
676, -4912, 12196, 21543, 492, -265,
828, -1548, 12864, 18845, 508, -207,
452, 2140, 13884, 14834, 394, -215,
224, 3768, 14348, 9275, 7, -183,
4, 844, 14708, 4926, -238, -174,
1516, -1552, 15620, 2206, -38, -141,
832, -544, 15608, -296, 136, -44,
564, 840, 14948, -3674, 69, -34,
636, 188, 15140, -7163, -69, 6,
800, -3036, 15136, -9517, -45, 27,
752, -7176, 14392, -9782, -26, 0,
840, -10328, 14664, -8037, -118, 26,
820, -13500, 14952, -4885, 5, -19,
1180, -15364, 15068, -245, 156, -37,
612, -15328, 14932, 4538, 210, -102,
1048, -14176, 14776, 9108, 311, -156,
500, -12984, 14572, 13079, 261, -210,
756, -11324, 14344, 16420, 303, -228,
456, -9488, 13628, 19179, 268, -243,
716, -7760, 13876, 21271, 198, -299,
916, -5984, 13812, 22903, 280, -291,
776, -4108, 13924, 23874, 337, -291,
684, -1796, 13580, 24197, 367, -304,
280, 492, 13636, 23667, 249, -296,
684, 1724, 13952, 22766, 269, -281,
924, 1840, 14184, 22137, 342, -297,
624, 2968, 14252, 21577, 361, -254,
272, 5208, 14188, 20479, 231, -271,
496, 6664, 14336, 18702, 147, -256,
596, 6828, 14292, 17036, 110, -266,
736, 6172, 14312, 16016, 181, -244,
464, 5736, 14204, 15644, 170, -236,
684, 5552, 14016, 15845, 132, -230,
540, 6384, 13616, 15928, 184, -243,
724, 7500, 13644, 15755, 243, -220,
724, 8412, 13404, 15229, 260, -231,
340, 9824, 13000, 14658, 255, -233,
128, 11100, 12620, 13290, 50, -216,
592, 10664, 12596, 12185, 66, -207,
884, 10880, 12748, 11373, 197, -181,
112, 11316, 12152, 10476, 178, -158,
956, 12348, 12292, 9286, 284, -155,
688, 12632, 11888, 8076, 199, -140,
500, 14328, 11804, 6257, 284, -105,
44, 17656, 11492, 2981, 28, -116,
684, 18824, 12044, -1499, 41, -38,
568, 17376, 11952, -5515, -13, -48,
116, 15724, 11708, -8704, 3, 3,
200, 15236, 11856, -11516, -212, 40,
648, 16304, 12212, -14909, -305, 43,
900, 15308, 11800, -18518, -169, 138,
344, 11908, 11736, -20791, -114, 154,
940, 6400, 12008, -20770, -78, 159,
408, 744, 13084, -17822, -34, 133,
672, -1332, 14236, -13293, 116, 90,
596, -1620, 14764, -8532, 59, 2,
444, -156, 14904, -4532, 86, -11,
960, 604, 15396, -1185, 171, -32,
416, 1924, 15396, 1589, 64, -99,
468, 2736, 14604, 3641, 136, -75,
816, 4056, 14908, 5315, 66, -117,
536, 7300, 14612, 5555, 93, -90,
644, 11016, 14860, 3701, 118, -83,
96, 12328, 14616, 779, -47, -82,
896, 11180, 14564, -1954, -23, -60,
436, 10020, 14604, -4036, -90, -50,
664, 7920, 14620, -5203, -87, -20,
904, 4420, 14864, -4688, -43, -17,
500, 2196, 14764, -2588, -65, -74,
1156, 948, 15296, 296, 133, -57,
712, 1408, 15072, 3274, 228, -98,
608, 2180, 14612, 5874, 213, -136,
912, 2812, 14656, 8183, 246, -158,
544, 3896, 14468, 10121, 281, -158,
424, 5136, 13708, 11589, 194, -184,
764, 5840, 13476, 12843, 231, -181,
612, 7588, 13216, 13599, 296, -198,
592, 10152, 12744, 13157, 247, -179,
636, 12048, 12492, 11726, 167, -173,
708, 14016, 12636, 9429, 253, -144,
140, 14668, 12532, 6691, 67, -106,
400, 13656, 12540, 4335, -50, -101,
580, 13296, 12588, 2498, -23, -107,
652, 14256, 12368, 388, 27, -63,
328, 15876, 12532, -2561, -50, -31,
396, 17052, 12316, -6329, -209, -28,
952, 15952, 12332, -10000, -221, 18,
812, 14020, 12324, -12784, -124, 53,
580, 12992, 12308, -15094, -36, 97,
1004, 12512, 12340, -17273, 62, 122,
532, 13996, 12608, -20260, 91, 148,
328, 12204, 12120, -23393, -99, 118,
268, 7700, 11996, -24852, -183, 126,
580, 4052, 12764, -24423, -254, 167,
816, 2640, 13276, -23334, -173, 141,
656, 2368, 13628, -22350, -27, 145,
536, 1592, 14092, -21529, -159, 124,
848, 592, 14488, -20636, -102, 119,
660, 412, 14604, -19904, -86, 114,
772, -428, 14596, -19343, -145, 115,
556, -2140, 14876, -18315, -135, 108,
544, -4672, 15240, -16421, -144, 75,
636, -6772, 15304, -13468, -207, 20,
924, -8344, 15836, -9966, -167, 18,
1036, -9028, 16372, -5968, -16, -9,
836, -8804, 16320, -2175, 111, -46,
668, -8440, 16208, 1399, 157, -67,
852, -8480, 16168, 5056, 155, -106,
872, -8172, 16128, 8659, 257, -134,
652, -6836, 15476, 11958, 232, -167,
672, -4724, 15372, 14434, 173, -187,
784, -2704, 15232, 15864, 223, -221,
680, -1548, 15040, 17019, 243, -234,
720, -568, 14764, 17991, 210, -233,
704, 508, 14528, 18732, 147, -270,
920, 1448, 14716, 19290, 229, -239,
500, 3184, 14388, 19414, 285, -282,
416, 5256, 14204, 18823, 289, -232,
360, 5712, 14064, 18012, 138, -247,
768, 5928, 14068, 17523, 175, -256,
612, 6204, 13916, 17243, 197, -239,
696, 6264, 13552, 17237, 207, -226,
1020, 6864, 13268, 17330, 376, -208,
444, 7712, 13168, 17363, 440, -194,
560, 8420, 12500, 17354, 310, -223,
628, 9944, 12228, 16835, 274, -209,
724, 12060, 11960, 15505, 300, -206,
652, 13756, 11768, 13600, 291, -167,
188, 14392, 12064, 11278, 222, -129,
524, 13752, 11912, 9234, 187, -158,
568, 12632, 11664, 7954, 245, -132,
484, 12188, 11348, 7331, 163, -139,
624, 14316, 11084, 6042, 58, -73,
312, 17744, 11252, 3095, -18, -76,
208, 19184, 11276, -1174, -159, -76,
372, 19560, 11376, -5811, -164, -43,
876, 18260, 11228, -10151, -27, 21,
396, 15424, 10960, -13194, -78, 6,
792, 13592, 11172, -15191, -107, 60,
76, 12964, 11604, -16956, -46, 59,
304, 11800, 11836, -18378, -218, 59,
528, 11480, 11888, -19801, -74, 118,
848, 10448, 12232, -21044, -105, 124,
472, 9092, 12048, -21995, -105, 134,
712, 7380, 12532, -22548, -55, 144,
428, 6144, 12948, -22648, -171, 132,
612, 5644, 13320, -22836, -137, 144,
492, 4916, 13508, -23177, -150, 148,
580, 3992, 13704, -23525, -77, 157,
444, 2668, 13676, -23665, -158, 148,
640, 1612, 13968, -23583, -157, 156,
712, -1904, 14248, -22166, -261, 108,
932, -3128, 14412, -20451, -150, 135,
952, -3972, 14808, -18569, -74, 147,
952, -2696, 15352, -17452, 21, 129,
452, -1512, 14908, -17448, -27, 111,
632, -1296, 14436, -18176, -130, 78,
604, -2368, 14440, -18848, -251, 75,
856, -4076, 14372, -19028, -185, 124,
996, -4828, 14264, -19040, 46, 148,
344, -6444, 13760, -18784, -84, 108,
660, -7808, 13844, -17896, -123, 98,
900, -7748, 13736, -17269, -14, 99,
672, -7988, 13164, -16898, -45, 100,
628, -8532, 12888, -16537, -122, 85,
656, -10260, 12824, -15862, -121, 67,
664, -11844, 12888, -14388, -161, 68,
1128, -11040, 12660, -13208, 17, 76,
708, -11452, 12572, -12435, 6, 62,
724, -11744, 12104, -11468, -1, 43,
704, -11340, 11964, -10876, -66, 42,
616, -11304, 11768, -10647, 2, 31,
408, -12896, 11272, -9960, -69, 25,
884, -13016, 11468, -8884, -17, 16,
840, -12384, 10988, -8361, 67, 12,
620, -12664, 10748, -7882, 46, 22,
644, -12308, 10616, -7549, -12, -7,
1264, -12892, 10720, -7403, 116, 4,
464, -14516, 10096, -6285, 7, 9,
632, -15968, 10392, -4604, 28, -27,
1008, -17180, 10428, -2197, 126, -51,
560, -16988, 10132, 380, 67, -97,
728, -16480, 10428, 2640, 95, -101,
816, -16140, 10380, 4743, 54, -117,
624, -16276, 10416, 6847, 91, -169,
816, -17908, 10592, 9833, 105, -180,
832, -18100, 10624, 13377, 259, -195,
620, -15832, 10456, 16217, 245, -192,
508, -13480, 10324, 17946, 182, -243,
632, -11900, 11052, 18870, 175, -271,
728, -10888, 11632, 19407, 189, -260,
520, -11408, 11848, 20406, 104, -309,
892, -11164, 11968, 21847, 250, -288,
1152, -9552, 12064, 23040, 220, -314,
440, -7820, 12044, 23551, 163, -317,
1060, -6780, 12764, 23939, 198, -320,
752, -5620, 13044, 24214, 251, -329,
640, -4252, 13108, 24248, 150, -312,
584, -2316, 13508, 23728, 303, -310,
1116, -636, 14148, 22785, 297, -308,
672, 48, 14064, 21760, 396, -245,
1164, 592, 14036, 20730, 129, -292,
996, 840, 14476, 20058, 276, -273,
1364, 1364, 14608, 19668, 239, -260,
-132, 1740, 14336, 19419, 91, -283,
1028, 2536, 14652, 19201, 234, -261,
684, 3728, 14584, 18854, 210, -275,
276, 4020, 14132, 18557, 266, -221,
824, 6136, 14464, 17863, 256, -232,
412, 6860, 14176, 16807, 214, -262,
824, 7276, 14120, 15818, 257, -232,
372, 7500, 13764, 15211, 169, -225,
740, 7264, 13888, 14518, 293, -186,
692, 7432, 13620, 14421, 325, -184,
320, 8104, 12916, 14376, 214, -198,
852, 11292, 13248, 13080, 228, -174,
600, 11852, 13056, 11245, 243, -174,
572, 11104, 12860, 9858, 216, -160,
576, 10196, 12692, 9185, 113, -157,
672, 9832, 12636, 8967, 150, -174,
548, 10052, 12284, 8895, 173, -140,
360, 10732, 12112, 8659, 199, -140,
508, 11688, 12092, 8105, 91, -153,
632, 11816, 11908, 7353, 181, -147,
612, 10816, 11708, 7203, 121, -125,
540, 10204, 11460, 7641, 157, -141,
592, 10400, 11152, 8311, 169, -132,
464, 11128, 10636, 8652, 126, -125,
492, 11796, 10596, 8747, 112, -138,
600, 13696, 10444, 8058, 152, -126,
540, 14996, 10156, 6693, 153, -133,
580, 15744, 10028, 4919, 170, -88,
340, 15428, 9996, 3163, 22, -109,
676, 14876, 10012, 1750, 47, -77,
464, 14816, 9768, 548, 38, -78,
568, 14584, 9980, -610, 39, -55,
508, 15488, 9956, -1983, 55, -41,
432, 16540, 9788, -4034, 45, -29,
632, 18260, 9948, -7061, 11, -20,
452, 17772, 9984, -10310, -18, 35,
588, 15972, 10036, -12892, -6, 49,
380, 13916, 10364, -14561, -42, 40,
516, 12248, 10612, -15387, -63, 68,
452, 10848, 10952, -15564, -8, 55,
448, 10260, 11348, -15559, -87, 44,
736, 9472, 11812, -15354, -80, 78,
504, 8408, 12200, -14856, -112, 59,
868, 7456, 12612, -14011, -25, 61,
496, 7716, 13164, -13267, 9, 54,
560, 10016, 13264, -13945, -34, 65,
460, 10608, 13124, -15559, -55, 31,
332, 9380, 13744, -16951, -165, 58,
488, 8248, 14072, -18125, -100, 60,
128, 6348, 13832, -18592, -134, 83,
752, 5260, 14048, -18741, -97, 87,
636, 3476, 13976, -18356, -131, 61,
740, 1928, 14444, -17375, -97, 85,
1096, -76, 15096, -15964, -28, 31,
440, -976, 15036, -13718, -79, 32,
732, -1752, 15428, -11608, -186, 27,
1040, -1128, 16152, -9760, -7, 6,
748, -280, 15996, -8537, 94, 13,
868, 528, 16000, -8001, 122, 4,
500, 540, 15848, -7753, 17, -15,
648, 180, 16096, -7572, 43, 7,
836, 612, 16060, -7624, 40, 14,
636, 1224, 16144, -8195, 8, -27,
600, 1304, 15724, -9075, -27, 6,
572, -200, 15644, -9648, -226, -8,
860, -1304, 15972, -9579, -47, 8,
724, -960, 15784, -9717, -11, 12,
512, -868, 15552, -10196, -55, -2,
1084, -776, 15904, -10953, -23, 46,
796, -804, 15556, -12020, 16, 34,
-752, -1444, 14616, -12911, -238, 11,
1504, -2812, 15700, -13478, -30, 46,
964, -2976, 15212, -13986, -97, 79,
544, -3388, 14480, -14626, -90, 72,
1260, -5868, 14576, -14649, -82, 72,
472, -7364, 14460, -13835, -268, 28,
1228, -7760, 14316, -12896, -104, 27,
160, -7488, 14128, -12319, -195, 0,
1136, -8460, 14224, -11719, -53, 32,
304, -9668, 14112, -10477, -17, 71,
1172, -9224, 14340, -9526, 75, 34,
720, -8648, 13908, -8992, 142, 41,
556, -8448, 13584, -8926, 72, 25,
804, -9456, 13472, -8588, 26, 22,
780, -10512, 13540, -7805, 28, 24,
848, -10872, 13244, -6790, 144, -17,
452, -11160, 12948, -5718, 18, 3,
624, -11752, 13000, -4470, -36, -23,
676, -12660, 13204, -2839, -24, -53,
780, -13744, 13264, -702, 39, -71,
912, -14308, 13264, 1941, 113, -74,
728, -14408, 13192, 4733, 193, -85,
560, -13920, 12928, 7484, 80, -138,
848, -12444, 13280, 9659, 62, -161,
668, -11624, 13400, 11378, 74, -199,
624, -11044, 13112, 12950, 55, -234,
832, -10588, 13572, 14529, 105, -232,
1096, -9244, 13800, 15479, 277, -200,
460, -7744, 13532, 16250, 228, -219,
564, -6528, 13764, 16592, 194, -261,
764, -5388, 14340, 16486, 202, -224,
660, -4712, 14292, 16294, 222, -236,
800, -4060, 14480, 16078, 139, -227,
872, -3288, 14984, 15859, 193, -261,
780, -2980, 14900, 15507, 197, -217,
812, -2908, 15032, 15807, 228, -216,
612, -2888, 15084, 16159, 254, -224,
740, -2348, 15032, 16835, 298, -219,
648, -1108, 15020, 17214, 311, -228,
512, 132, 14868, 17275, 261, -237,
800, 1072, 15064, 17087, 269, -233,
636, 1440, 15172, 16939, 229, -232,
728, 1592, 14776, 17094, 213, -209,
672, 2812, 14712, 17204, 218, -205,
748, 4088, 14652, 16905, 220, -199,
368, 5192, 14540, 16322, 218, -232,
528, 5708, 14480, 15578, 208, -208,
832, 5828, 14400, 15266, 153, -217,
536, 5992, 14180, 15233, 210, -205,
476, 6876, 13676, 15052, 149, -209,
612, 7588, 13784, 14486, 152, -209,
564, 8044, 13516, 14040, 146, -179,
768, 8300, 13388, 13729, 194, -201,
452, 8884, 13308, 13359, 152, -194,
676, 9380, 12800, 12969, 244, -188,
456, 10160, 12612, 12461, 272, -155,
420, 10428, 12364, 11938, 214, -172,
548, 10188, 12072, 11648, 198, -169,
564, 9676, 11828, 11875, 192, -162,
548, 9896, 11528, 12348, 218, -147,
532, 10124, 11176, 12817, 178, -158,
760, 10892, 10660, 13161, 190, -135,
388, 12220, 10396, 13064, 213, -184,
556, 13192, 10052, 12537, 209, -150,
372, 13996, 9620, 11710, 149, -164,
660, 14828, 9348, 10629, 106, -172,
624, 15588, 8932, 9159, 164, -139,
592, 15772, 9024, 7630, 144, -142,
372, 16176, 8828, 6046, 139, -105,
696, 16252, 8788, 4406, 107, -83,
544, 16100, 8592, 2930, 109, -108,
348, 15952, 8516, 1470, 72, -84,
576, 16208, 8664, 51, 68, -62,
364, 16128, 8636, -1420, 69, -73,
416, 16220, 8668, -2919, 38, -42,
492, 16904, 8708, -4683, 48, -10,
448, 18052, 8648, -7097, -6, -11,
540, 18672, 8832, -10118, 15, 4,
200, 18288, 9000, -13174, -43, 22,
816, 17156, 9000, -15920, -125, 18,
304, 15484, 9200, -17977, -104, 49,
448, 13976, 9460, -19400, -131, 68,
620, 13400, 9912, -20654, -186, 95,
616, 13024, 10288, -22037, -140, 114,
600, 12256, 10432, -23365, -158, 124,
416, 11384, 10792, -24639, -207, 98,
892, 10800, 11032, -25947, -186, 140,
456, 8652, 11372, -26822, -162, 159,
540, 6472, 11724, -26941, -213, 161,
704, 1384, 12636, -24960, -263, 122,
628, 1748, 13288, -23014, -173, 127,
940, 2620, 13796, -21941, -149, 148,
576, 2544, 14192, -21384, -98, 118,
584, 1528, 14188, -20993, -115, 110,
524, 312, 14460, -20343, -98, 129,
712, -644, 14636, -19476, -94, 120,
708, -492, 15000, -18939, -12, 111,
628, -1076, 14624, -18687, -101, 83,
408, -1916, 14928, -18406, -112, 86,
556, -3612, 14940, -17720, -183, 86,
916, -3636, 15152, -17021, -46, 84,
432, -3288, 14772, -16891, -15, 107,
660, -3360, 14496, -17106, -151, 50,
700, -4576, 14560, -17271, -73, 84,
276, -5976, 14200, -16899, -111, 70,
268, -6740, 13840, -16342, -151, 71,
908, -6856, 14104, -15948, -136, 80,
792, -7156, 13848, -15736, -178, 64,
580, -7392, 13396, -15740, -147, 73,
964, -8712, 13476, -15470, -4, 109,
664, -8636, 12984, -15274, -8, 79,
400, -8160, 12260, -15567, -138, 91,
964, -9556, 12468, -15626, -127, 54,
720, -10392, 11912, -15512, -61, 88,
852, -11984, 11672, -14819, 13, 79,
740, -13020, 11508, -13745, 41, 75,
608, -12920, 11212, -12613, 64, 72,
616, -12976, 10916, -11742, 82, 85,
552, -13212, 10536, -10939, -6, 37,
636, -14344, 10436, -9843, -2, 1,
708, -15728, 10400, -8125, -61, -14,
720, -16868, 10404, -5819, 7, -24,
856, -16372, 10384, -3583, 39, -33,
540, -16924, 10092, -1287, -1, -51,
856, -17472, 10156, 1378, 97, -71,
580, -18144, 10288, 4339, 90, -134,
704, -18172, 10120, 7618, 102, -123,
684, -17072, 10356, 10550, 145, -158,
688, -15308, 10556, 12667, 150, -171,
496, -13656, 10440, 14076, 104, -200,
808, -12880, 10824, 15001, 133, -228,
928, -12420, 11092, 15909, 243, -202,
492, -11432, 11600, 16565, 171, -218,
568, -10136, 11700, 16865, 118, -259,
632, -9376, 12292, 16925, 45, -278,
796, -8696, 12560, 16938, 111, -240,
844, -7772, 12776, 16839, 153, -234,
904, -6892, 13208, 16455, 244, -237,
528, -6164, 13536, 16000, 191, -237,
768, -5716, 13788, 15497, 105, -258,
680, -5672, 14188, 15287, 102, -251,
908, -4536, 14680, 15278, 306, -229,
1268, -3864, 14404, 14766, 259, -203,
496, -3436, 14580, 14300, 212, -204,
780, -3300, 15100, 14032, 202, -192,
672, -3216, 15224, 14139, 151, -238,
520, -2456, 15404, 14223, 208, -217,
732, -1404, 15436, 14051, 222, -219,
396, -568, 15392, 13666, 183, -205,
752, -320, 15532, 13291, 164, -201,
744, -236, 15636, 13174, 238, -184,
880, 36, 15644, 13224, 249, -173,
536, 744, 15344, 13191, 193, -186,
512, 1500, 15540, 13072, 161, -193,
528, 2308, 15348, 12879, 130, -191,
580, 2544, 15440, 12670, 175, -200,
808, 2544, 15412, 12694, 172, -166,
736, 2752, 15328, 12896, 244, -167,
536, 3528, 14976, 13099, 193, -158,
728, 4048, 15108, 13194, 194, -204,
612, 4600, 14784, 13302, 207, -186,
516, 5392, 14496, 13275, 179, -193,
724, 6420, 14632, 12975, 192, -186,
828, 6888, 14280, 12564, 257, -198,
604, 7008, 14120, 12291, 218, -181,
512, 6980, 13980, 12243, 180, -154,
648, 7476, 13792, 12327, 156, -189,
520, 7924, 13532, 12394, 186, -178,
500, 8472, 13124, 12349, 163, -167,
520, 9072, 13108, 12234, 192, -175,
588, 9412, 12668, 12029, 212, -161,
668, 9600, 12412, 11997, 219, -179,
464, 10056, 12184, 11967, 248, -158,
344, 11020, 11620, 11678, 156, -167,
624, 12212, 11588, 10939, 157, -165,
488, 12996, 11436, 9800, 137, -144,
516, 13284, 10984, 8579, 160, -152,
452, 13196, 11032, 7511, 114, -125,
524, 13012, 10812, 6670, 138, -121,
396, 13128, 10580, 5923, 126, -120,
568, 13148, 10768, 5290, 88, -123,
476, 13180, 10484, 4614, 106, -118,
648, 12824, 10432, 4196, 62, -116,
576, 12552, 10248, 4086, 123, -113,
496, 11984, 10208, 4239, 91, -94,
624, 11656, 10060, 4685, 150, -116,
572, 11864, 9724, 5163, 108, -112,
392, 11976, 9620, 5596, 137, -122,
564, 12424, 9392, 5972, 140, -132,
528, 13092, 9168, 6057, 137, -116,
484, 14272, 8992, 5671, 147, -87,
396, 15068, 8760, 4785, 133, -95,
440, 15632, 8620, 3589, 114, -91,
480, 16276, 8712, 2116, 66, -91,
416, 16020, 8632, 710, 82, -98,
476, 15356, 8488, -389, 59, -53,
480, 15284, 8560, -1362, 57, -55,
416, 16184, 8684, -2647, 21, -51,
344, 17284, 8604, -4598, 15, -40,
516, 17236, 8784, -6824, -56, -18,
504, 16260, 8764, -8751, -65, 0,
472, 15512, 9176, -10226, -51, -6,
536, 14904, 9148, -11474, -41, 28,
608, 14540, 9648, -12634, 4, 48,
328, 14288, 9780, -13808, 3, 45,
248, 13212, 9880, -14802, -123, 39,
608, 12348, 10392, -15339, -134, 55,
636, 12164, 10820, -15952, -137, 47,
688, 11648, 11180, -16587, -98, 69,
416, 10944, 11396, -17134, -65, 64,
528, 9856, 11764, -17417, -96, 67,
448, 7984, 12324, -17083, -98, 59,
616, 7420, 12668, -16468, -100, 39,
612, 6464, 13108, -15718, -60, 45,
652, 5600, 13552, -14677, -73, 55,
748, 5492, 14032, -13775, -57, 48,
616, 5708, 14084, -13228, -29, 49,
476, 6256, 14348, -13203, -18, 32,
524, 6344, 14460, -13580, -122, 39,
432, 6236, 14824, -14195, -145, 58,
752, 5628, 14920, -14896, -89, 63,
616, 4724, 14872, -15471, -78, 47,
652, 3912, 14716, -15820, -100, 51,
764, 2484, 15024, -15814, -112, 56,
728, 1164, 15312, -15332, -39, 64,
612, 548, 15268, -14731, -7, 52,
600, 168, 15424, -14197, -77, 37,
784, -424, 15700, -13668, -39, 70,
676, -804, 15668, -13079, -37, 54,
660, -972, 15512, -12705, -60, 39,
592, -1020, 15800, -12594, -78, 31,
700, -1340, 15660, -12602, -38, 67,
664, -1992, 15572, -12584, -62, 31,
552, -2508, 15592, -12551, -67, 47,
568, -3028, 15284, -12438, -60, 27,
800, -3448, 15260, -12363, -37, 60,
888, -4392, 15404, -12060, -24, 39,
664, -4952, 15040, -11605, 40, 37,
432, -4528, 15048, -11481, -86, 39,
1076, -3928, 14872, -11845, -43, 43,
176, -4024, 14588, -12672, -78, 30,
1112, -5304, 14480, -13250, -115, 59,
-116, -6092, 14232, -13679, -140, 73,
1048, -6352, 14356, -13982, -60, 72,
324, -7428, 13456, -14057, -163, 65,
912, -8456, 13876, -13774, -33, 55,
648, -9124, 13296, -13383, -78, 39,
520, -9364, 12928, -12933, -99, 36,
808, -9632, 12928, -12662, -57, 53,
816, -10264, 12688, -12331, -47, 73,
712, -11084, 12248, -11733, -19, 28,
908, -11912, 12364, -10853, -23, 43,
800, -12468, 12056, -9836, 51, 38,
684, -12912, 11904, -8662, 55, 3,
576, -13600, 11700, -7304, 28, -5,
788, -14756, 11836, -5471, 50, -34,
620, -16388, 11560, -2832, -13, -53,
756, -17164, 11688, 379, 7, -89,
568, -17544, 11604, 3903, 21, -110,
580, -17496, 11640, 7506, -39, -152,
936, -17244, 11736, 11161, 44, -182,
1092, -16192, 11900, 14574, 198, -200,
992, -13664, 11844, 16908, 335, -219,
400, -11488, 11664, 18237, 311, -247,
736, -9856, 12004, 18965, 251, -251,
644, -8852, 12388, 19308, 276, -235,
564, -7112, 12668, 19264, 228, -234,
896, -5252, 13480, 18500, 186, -248,
848, -3608, 13900, 17078, 364, -220,
244, -2996, 13960, 15233, 187, -231,
960, -4392, 14560, 14722, 166, -211,
632, -4560, 14912, 14558, 154, -207,
784, -4432, 14900, 14738, 225, -216,
556, -4412, 14872, 15136, 127, -199,
1748, -1712, 15844, 14764, 466, -180,
-680, 616, 14728, 13634, -132, -230,
796, 316, 16084, 12066, 213, -173,
1244, -188, 16168, 11220, 182, -180,
528, 1180, 15344, 10353, 294, -163,
812, 816, 15316, 9557, 33, -137,
1044, 928, 16484, 8642, 241, -153,
-1968, 1744, 14716, 8212, -180, -147,
592, 2148, 16948, 7514, 613, -55,
760, 4768, 16172, 5709, -101, -123,
64, 5648, 16244, 3090, 297, -42,
1064, 4464, 15840, 882, -17, -67,
624, 2644, 16288, -329, 87, -81,
576, 1784, 15696, -796, 33, -67,
912, 928, 16568, -863, -50, -94,
412, 452, 16268, -566, 65, -74,
1000, 148, 16400, -135, 103, -60,
348, 244, 16044, 408, 82, -56,
1224, -20, 16352, 1028, 137, -72,
116, -244, 16088, 1789, 49, -108,
1648, -1028, 16384, 2969, 99, -90,
-16, -892, 16160, 4320, 105, -105,
748, 1068, 15844, 5135, 28, -116,
1076, 3740, 16260, 4479, 190, -86,
760, 6880, 16124, 2268, 54, -73,
428, 8496, 15860, -1216, 65, -57,
896, 7844, 16140, -4766, 7, -32,
608, 6108, 16116, -7544, 24, -7,
592, 3908, 15736, -9336, 10, 19,
664, 1296, 15948, -9951, -37, 6,
416, -1360, 15904, -9154, -73, -10,
896, -1628, 16112, -7918, 49, 6,
504, -1724, 16028, -6873, -92, 2,
896, -1640, 16188, -5975, 113, -24,
588, -1624, 16176, -5227, -30, -30,
756, -1660, 16336, -4578, 28, -47,
-592, -7192, 15608, -2625, -254, -83,
2468, -7784, 17080, 1697, 244, -61,
440, -3336, 16056, 3992, 219, -129,
676, -1360, 15668, 4598, 251, -98,
536, -1484, 16016, 5269, -73, -111,
908, 1168, 16652, 5062, 159, -114,
636, 632, 16024, 4394, 77, -85,
32, -1456, 16528, 5191, 72, -76,
9144, 4196, 16788, 3037, 401, 76,
-4296, 8328, 14060, -662, -435, -27,
4156, 6436, 16632, -4593, 382, -19,
-1440, 3148, 16384, -6724, -324, -102,
1036, 496, 17036, -7454, 150, 1,
-88, -1624, 16200, -6906, -96, -41,
272, -1640, 16404, -6146, -21, -40,
1560, -1624, 16288, -5568, 151, -1,
116, -1552, 15612, -5081, -136, -63,
1476, -1652, 16120, -4692, 167, 10,
372, -1756, 16032, -4365, -124, -29,
1068, -1688, 16092, -4166, 159, -5,
192, -1692, 16276, -3995, -113, -44,
-1216, -5560, 16096, -2860, -233, -102,
1504, -5312, 17124, -820, 298, -124,
820, -3928, 15696, 672, 153, -84,
576, -2452, 15184, 1473, 84, -59,
1424, -1940, 16180, 1811, 40, -114,
992, -1712, 16176, 1962, 168, -72,
208, -892, 15636, 1785, 66, -75,
808, -1268, 16572, 1571, -20, -68,
576, -1648, 16384, 1706, 181, -56,
668, -1424, 16152, 1897, 53, -77,
512, -1560, 16276, 2076, 58, -103,
988, -1528, 16464, 2348, 128, -88,
340, -1308, 16036, 2618, 63, -80,
1016, 1336, 16372, 1800, 126, -64,
388, 1936, 16280, 317, 91, -82,
464, 892, 15952, -888, 33, -78,
616, -1144, 16208, -1114, 13, -57,
988, -1540, 16436, -728, 82, -62,
468, -1528, 16056, -350, 62, -54,
680, -1484, 16384, 46, 27, -97,
684, -1480, 16400, 420, 82, -61,
432, -1396, 16144, 800, 55, -70,
712, -1436, 16204, 1204, 49, -80,
824, -1376, 16516, 1604, 95, -111,
704, -1444, 16172, 2062, 126, -66,
708, -1328, 16412, 2546, 61, -107,
804, -1380, 16488, 3077, 97, -77,
572, -1392, 16252, 3684, 106, -107,
624, -1340, 16308, 4332, 101, -113,
696, -1304, 16364, 5134, 94, -116,
676, -1300, 16268, 6011, 132, -106,
724, -1156, 16124, 6988, 99, -140,
796, -1196, 16156, 8120, 139, -125,
3444, 4884, 15876, 6863, 258, -210,
-1812, 10124, 15116, 2542, -49, -82,
1784, 11332, 16584, -3154, 105, -46,
-280, 7320, 16440, -7367, -156, -34,
636, 2084, 16604, -9000, 44, -9,
352, -1552, 15920, -8262, 10, 10,
124, -1588, 16016, -7109, -107, -23,
1476, -1564, 16424, -6092, 121, -31,
364, -1596, 15848, -5195, -75, -42,
1020, -1520, 16300, -4441, 103, -38,
672, -1580, 16392, -3723, -55, -54,
736, -1564, 16160, -3085, 106, -40,
544, -1604, 16152, -2546, -56, -59,
700, -1668, 16524, -2040, 112, -32,
688, -1608, 16320, -1558, 37, -33,
628, -1700, 16172, -1109, 33, -45,
644, -1892, 16376, -591, 49, -67,
876, -1736, 16512, -7, 99, -87,
408, -1536, 16076, 418, 41, -76,
912, -1576, 16164, 859, 94, -106,
336, -164, 16468, 858, -19, -110,
1104, -928, 16592, 749, 132, -78,
64, -1520, 16128, 1153, 37, -85,
976, -1404, 16288, 1631, 100, -55,
340, 2284, 16092, 852, -105, -74,
196, 2668, 16444, -980, 296, -21,
892, 2576, 15660, -2877, -65, -42,
84, 324, 15968, -3898, -10, -55,
1320, -1188, 16340, -3958, 110, -29,
184, -1464, 15848, -3685, -7, -42,
868, -1624, 16356, -3400, 96, -21,
968, -1660, 16476, -3154, 4, -45,
124, -1640, 16056, -2999, 44, -56,
1196, -1700, 16500, -2845, 56, -49,
276, -1696, 16156, -2783, 40, -45,
992, -1676, 16064, -2762, 91, -67,
452, -1708, 16072, -2812, -30, -33,
304, -3316, 15988, -2473, -35, -41,
1268, -4728, 16208, -1047, 65, -43,
696, -4684, 15992, 522, 54, -69,
876, -3788, 16028, 1858, 125, -79,
828, -2252, 16076, 2446, 110, -101,
844, -1660, 16224, 2452, 145, -85,
576, -1684, 15888, 2398, 155, -84,
740, -2804, 16300, 2912, 34, -74,
680, -3628, 16392, 4029, 101, -105,
660, -3816, 16320, 5513, 90, -133,
876, -2276, 16272, 6576, 225, -117,
24, -892, 16048, 6727, 46, -138,
908, -1360, 16152, 7131, 216, -113,
416, -1272, 16164, 7748, 26, -147,
-1308, 2532, 15812, 7676, -184, -90,
-556, 2384, 16640, 6913, 456, -73,
1524, 4116, 16292, 5215, 15, -119,
-624, 5572, 15920, 2813, 116, -69,
2084, 8248, 16280, -766, 227, -49,
-100, 9488, 15408, -5490, -63, -45,
944, 7316, 15696, -9655, -31, -3,
948, 3764, 15692, -12330, -71, 1,
148, 132, 15300, -13195, -154, 13,
1916, -1540, 15532, -12852, -33, 4,
-128, -1720, 15448, -12459, -129, 16,
1156, -1872, 15936, -12287, 14, 41,
-436, -2908, 15468, -12053, -276, 1,
1316, -4096, 15952, -11379, 75, 36,
-416, -7088, 15320, -9894, -309, -17,
1476, -10808, 15864, -5909, -91, -55,
616, -11004, 15692, -1420, -273, -69,
1484, -7888, 16268, 1702, 137, -79,
400, -6880, 15596, 3734, 29, -94,
1320, -6468, 16028, 5727, 272, -129,
732, -5496, 15856, 7381, 233, -140,
564, -4976, 15776, 8740, 289, -150,
920, -5148, 15664, 10358, 239, -153,
720, -4444, 16004, 11983, 329, -178,
596, -3396, 15444, 13268, 353, -188,
-336, -1880, 15268, 14096, 2, -192,
1152, -1048, 15616, 14658, 253, -189,
612, -1012, 15348, 15360, 193, -198,
676, -1028, 15048, 16278, 247, -191,
648, 520, 14436, 17222, 81, -413,
5136, 8476, 17244, 13587, 642, -184,
-4128, 11320, 14048, 9264, 14, -208,
2388, 10820, 15388, 4248, 216, -83,
776, 6580, 16064, 1657, -67, -97,
780, 2876, 16700, 1183, 118, -92,
808, 232, 15204, 2455, 335, -115,
832, -468, 15940, 4661, -144, -118,
1312, 1552, 16020, 6314, 346, -133,
304, 7052, 15052, 5507, 149, -100,
452, 12740, 15776, 1357, 80, -77,
504, 11876, 15876, -3481, -109, -65,
900, 8932, 15380, -6905, 14, -33,
116, 5856, 15304, -8798, -236, -18,
1588, 4408, 15828, -9568, 60, -4,
336, 2640, 15436, -9716, -64, 11,
1104, 1380, 15980, -9091, 156, 31,
312, -340, 15664, -7847, -34, 14,
1008, -700, 15968, -6323, 57, 12,
608, -132, 16028, -5072, -61, -45,
868, -36, 16428, -4097, 111, -25,
452, -68, 15976, -3202, 16, -35,
656, -376, 16344, -2269, 12, -50,
680, -1888, 16276, -776, 42, -46,
716, -3088, 16544, 1537, 178, -10,
1120, -3620, 16240, 4321, 82, -85,
660, -3232, 16076, 7225, 122, -134,
808, -1504, 15596, 9457, 252, -131,
792, 1212, 15424, 10524, 204, -110,
604, 3516, 15500, 10598, 242, -126,
536, 6588, 15624, 8977, 206, -135,
444, 7580, 16012, 6632, 174, -118,
484, 7216, 15776, 4466, 111, -147,
0, 7228, 15516, 2575, -40, -118,
900, 7472, 15620, 564, -132, -117,
920, 7488, 15836, -1495, -62, -67,
600, 6768, 15676, -3299, 15, -42,
616, 6820, 15608, -5066, -8, -40,
744, 6468, 15604, -6778, -57, 15,
804, 5568, 15800, -8306, 74, 1,
476, 4052, 15564, -9269, -55, 10,
820, 1220, 15936, -9011, -1, -12,
484, -652, 16088, -7571, 28, -11,
180, -1984, 16124, -5403, 76, -18,
620, -2992, 16108, -2852, -81, -35,
620, -3264, 16348, 66, -23, -56,
1192, -2036, 16288, 2534, 221, -105,
584, -1192, 16196, 4471, 242, -149,
140, -1176, 15992, 6324, 177, -98,
960, -1112, 15884, 8284, 103, -132,
-96, 2116, 14924, 9772, -18, -127,
2076, 7164, 16048, 8414, 643, -89,
24, 12576, 15040, 4184, -152, -123,
572, 12660, 15636, -1457, 14, -91,
956, 9208, 16044, -5401, -24, -45,
296, 6016, 15600, -7536, 26, -16,
468, 3596, 15592, -8308, -15, -7,
1068, 1764, 16160, -8043, -33, -15,
408, 384, 15608, -7106, 30, 2,
836, -476, 15892, -5745, -9, -39,
68, -1612, 16496, -3856, -19, -24,
1116, -1552, 16596, -1931, 72, -57,
-192, -1464, 16108, -58, 25, -86,
1020, -1416, 16636, 1737, 135, -76,
384, -1260, 16008, 3607, 99, -70,
2880, 4348, 15844, 3302, 55, -95,
-1136, 8876, 15576, 47, 102, -90,
1468, 8696, 16496, -3950, 50, -49,
-648, 5288, 16012, -6448, -121, -33,
996, 3248, 16664, -7707, 71, -4,
444, 1056, 16056, -7763, 23, -25,
316, -436, 15736, -7107, -28, -24,
396, -1352, 16148, -5927, -60, 8,
944, -1612, 16228, -4634, 108, -7,
812, -1704, 16164, -3401, 1, -69,
436, -1744, 16312, -2203, -16, -81,
968, -1988, 16436, -902, 95, -55,
456, -2020, 16328, 470, 10, -58,
872, -1596, 16480, 1611, 124, -113,
624, -1520, 16084, 2710, 20, -84,
636, -1424, 16100, 3828, 137, -112,
1792, 3652, 16316, 3154, 53, -57,
-1332, 8324, 15696, -463, -115, -60,
1692, 8196, 16688, -4992, 95, -21,
12, 4244, 16328, -7868, -21, -1,
796, 864, 16240, -8877, 171, 39,
-124, -3664, 15832, -7808, -114, -95,
1932, -5536, 16680, -5052, 149, -22,
104, -4524, 16228, -2491, -170, -71,
916, -3472, 16368, -682, 101, -39,
1116, -2844, 16244, 695, 74, -91,
624, -2692, 16252, 1940, 75, -92,
920, -2428, 16192, 3103, 177, -78,
544, -1732, 16400, 4102, 65, -111,
484, -1500, 16236, 4880, 250, -90,
864, -1416, 16264, 5680, 38, -110,
4220, 3084, 16916, 4181, 183, -35,
-2476, 6692, 15536, 1203, -208, -65,
2528, 5872, 16560, -2223, 355, -20,
-668, 2492, 16336, -3990, -296, -80,
1740, -1080, 16968, -3963, 353, -18,
240, -1492, 15572, -3010, -167, -64,
-780, -5604, 15992, -1206, -101, 29,
3680, -9356, 16848, 3806, 85, -92,
-508, -5588, 15888, 8033, 395, -182,
1876, -2048, 15532, 10029, 257, -141,
-940, -1092, 15340, 11191, -120, -177,
5468, 7844, 17808, 7448, 829, -13,
-1788, 16476, 14780, -69, -643, -154,
2260, 10684, 15504, -6799, 294, -11,
1868, 3388, 15884, -9225, 10, 3,
-328, -444, 15844, -9061, 194, 36,
1000, -2540, 15688, -7669, 66, 19,
888, -14300, 17344, -833, -15, -67,
-200, -11936, 16464, 7080, 295, -120,
448, -3668, 15964, 10839, -305, -223,
924, -1088, 16288, 12278, 166, -174,
2828, 12116, 16020, 7649, 535, -21,
1656, 21248, 14292, -2410, -325, -147,
1696, 13888, 15512, -11042, -91, -7,
2060, 3664, 15528, -14293, 371, 119,
-1152, -1184, 15436, -13890, -191, 30,
2176, -5532, 15660, -11970, 1993, 649,
1856, -22852, 15072, -302, -18, -149,
744, -11216, 15248, 8598, 71, -163,
940, -1488, 16036, 10880, -171, -114,
-1112, 1088, 16688, 11417, 203, -119,
1060, 15404, 16856, 5139, 114, -110,
172, 15712, 16736, -4005, -235, -180,
1876, 2860, 15784, -7324, 242, -7,
-104, -1520, 15836, -6321, 75, 16,
780, -1600, 16596, -5173, 30, -51,
780, -9416, 17216, -2054, 206, 15,
488, -12020, 16360, 5189, 25, -104,
428, -3368, 16196, 8928, -39, -167,
1476, -1280, 16176, 10250, 332, -141,
1272, 9392, 15732, 7288, 141, -93,
-924, 12160, 15328, 1729, -402, -118,
2024, 11152, 17280, -4416, 203, -51,
528, 4672, 16004, -7406, 102, 27,
-508, 464, 15756, -7652, 104, 4,
764, -1644, 16344, -6522, -94, -23,
604, -1984, 16548, -5056, 111, -52,
76, -9032, 15784, -376, 23, -72,
948, -5216, 16184, 3964, 58, -100,
780, -1392, 16460, 5682, 17, -117,
604, 4924, 16704, 4692, -77, -63,
-2688, 8824, 15564, 960, -240, -108,
2384, 8172, 17408, -3660, 182, -45,
-80, 3792, 16248, -6002, -7, -19,
2636, -412, 15852, -6384, 296, -125,
1360, -1084, 15756, -5685, -26, -46,
228, -1696, 15908, -4581, 18, -41,
1660, -1912, 15904, -3371, 183, -22,
208, -1560, 16172, -2346, -100, -49,
1164, -104, 16664, -2105, 293, -2,
288, 824, 16236, -2414, -98, -59,
516, 568, 16172, -2992, 56, -51,
992, 808, 16544, -3498, -32, -44,
632, 1048, 16220, -4324, 22, -12,
64, 1268, 15556, -5363, -217, -36,
1484, 820, 16748, -6484, 153, 7,
568, 708, 16208, -7560, -38, -28,
540, -940, 15792, -8053, 107, -6,
708, -1876, 16108, -8053, -80, -10,
636, -2020, 15976, -8056, 48, 11,
568, -2152, 15600, -8072, -42, 0,
756, -1684, 15944, -8386, -99, -6,
1132, -1576, 15956, -9134, 82, 21,
592, -2772, 15676, -9612, 40, 12,
464, -4784, 15368, -9243, 66, 32,
768, -7956, 15628, -7600, -33, -28,
304, -13520, 15568, -3305, 3, -61,
784, -15808, 15952, 2979, 122, -85,
1068, -13092, 15576, 8985, 99, -77,
652, -11520, 14832, 13459, 100, -182,
660, -9536, 15016, 17471, 90, -198,
1340, -7408, 14880, 20681, 395, -264,
432, -3640, 14092, 22459, 442, -305,
-284, -1220, 13732, 22860, 245, -265,
1332, 3780, 13740, 22164, 331, -212,
640, 11180, 14520, 17726, 519, -197,
1348, 14360, 15224, 10786, 113, -173,
-420, 13068, 15740, 4026, -152, -130,
1252, 10864, 16444, -1351, -19, -98,
304, 10788, 16008, -6228, -135, -60,
248, 10572, 15328, -11323, -257, -20,
1720, 7172, 15920, -15447, 193, 76,
516, 3968, 14812, -17966, -58, 81,
-192, 1132, 14464, -18649, -122, 62,
920, 224, 14832, -19213, -61, 98,
1064, -672, 14632, -19780, 0, 127,
-2580, -4104, 13340, -19528, -707, -72,
5108, -16804, 16680, -13545, -645, 38,
1876, -12512, 16720, -7341, 468, 120,
500, -11296, 14452, -2812, 698, 42,
972, -10440, 15072, 1347, 417, -65,
492, -10832, 16532, 5441, 129, -127,
748, -11980, 15616, 10100, 408, -93,
-112, -12200, 14692, 15670, -31, -223,
940, -9540, 15452, 20158, 226, -232,
528, -5536, 14020, 23177, 272, -242,
108, -3212, 13516, 24877, 160, -311,
1532, 5792, 13696, 24146, 400, -251,
-76, 7084, 13576, 21223, 297, -253,
1120, 5060, 14264, 18944, 121, -221,
1232, 6172, 15144, 17533, 336, -220,
-52, 11056, 14260, 14096, 285, -188,
616, 14692, 14844, 8563, 24, -134,
352, 16680, 15724, 1789, -141, -115,
912, 14912, 15416, -4620, -51, -51,
188, 12908, 14916, -9942, -195, -15,
1156, 10640, 15488, -14186, -86, 42,
388, 8628, 14740, -17467, -40, 84,
660, 6812, 14388, -20153, -84, 108,
832, 5580, 14380, -22408, -60, 162,
372, 3760, 13660, -24307, -121, 129,
396, -416, 13620, -24764, -341, 133,
1000, -2160, 14036, -24240, -591, 111,
1144, -5004, 14052, -23015, -44, 180,
648, -7432, 14196, -20752, -41, 228,
376, -8624, 15240, -17918, -8, 156,
196, -9056, 15368, -15000, 126, 123,
108, -9376, 15180, -12215, 118, 45,
48, -9252, 15012, -9726, -91, 38,
680, -10248, 15368, -7071, -88, -12,
712, -12940, 15180, -3415, -79, -49,
852, -14288, 15448, 1307, -38, -90,
628, -14124, 15452, 6213, -40, -118,
704, -13348, 14980, 10908, -32, -163,
1056, -12276, 15064, 15240, 90, -192,
992, -10668, 14544, 19028, 265, -229,
1160, -10092, 13860, 22581, 588, -294,
884, -6940, 13108, 25343, 374, -262,
1200, -3592, 12468, 26845, 296, -344,
1148, -1820, 12800, 27638, 317, -305,
1236, -740, 13180, 28197, 490, -293,
592, 704, 12648, 28697, 572, -328,
196, 3460, 12372, 28718, 336, -382,
648, 7024, 12396, 27439, 354, -336,
512, 10280, 12588, 24748, 312, -292,
224, 11248, 12704, 21345, 161, -221,
652, 10728, 13352, 18669, 259, -211,
392, 11284, 13356, 16364, 178, -220,
352, 12192, 13564, 13943, 181, -221,
268, 13140, 13364, 11117, 72, -180,
348, 13336, 13236, 8233, 41, -140,
984, 14504, 13508, 5164, 176, -104,
796, 17220, 13560, 803, 293, -55,
52, 17456, 13004, -4126, 68, -70,
276, 16204, 13468, -8638, 17, -10,
392, 15484, 13440, -12703, -88, 51,
500, 15288, 13288, -16942, -17, 67,
200, 14348, 12552, -21175, -163, 107,
640, 11620, 12384, -24505, -178, 102,
544, 8244, 12264, -26500, -263, 131,
764, 5948, 12272, -27475, -281, 169,
652, 4372, 12704, -27951, -304, 148,
776, 2872, 12968, -28259, -227, 204,
376, 696, 12724, -28009, -168, 207,
780, -1352, 13164, -27167, -166, 185,
428, -2396, 13300, -26116, -313, 175,
1216, -2932, 13592, -25336, -198, 144,
440, -4660, 13520, -24390, -145, 141,
976, -8080, 13804, -22255, -45, 134,
852, -8736, 14272, -19592, -64, 133,
560, -7304, 14480, -17924, -22, 124,
472, -6484, 13964, -17113, -65, 87,
796, -7192, 14028, -16624, -198, 60,
956, -9768, 13976, -15357, -62, 59,
572, -12296, 13828, -12702, -79, 25,
592, -13428, 13808, -9664, -15, -14,
932, -15052, 14200, -5780, -131, -33,
700, -14644, 14284, -1930, -142, -74,
1016, -15012, 14336, 1949, 4, -86,
1000, -14596, 14292, 5849, 92, -101,
640, -13772, 14084, 9353, 180, -153,
836, -12356, 13968, 12404, 268, -164,
784, -11020, 14008, 15030, 302, -187,
608, -9084, 13876, 16784, 362, -216,
708, -7648, 13864, 18062, 259, -221,
860, -7416, 13848, 19341, 291, -255,
668, -5504, 13840, 20462, 226, -197,
568, -3816, 14008, 20730, 198, -287,
876, -2492, 14196, 20784, 219, -275,
1464, -1876, 14728, 20790, 352, -256,
876, -2124, 14572, 21287, 472, -252,
464, -2172, 13480, 22284, 309, -256,
928, -368, 13872, 22770, 129, -298,
712, 1152, 13916, 22977, 218, -325,
1240, 3316, 14272, 22903, 323, -284,
-488, 6028, 14736, 21406, 190, -279,
616, 6520, 14360, 19980, 301, -267,
-408, 6872, 13452, 18843, 93, -281,
1200, 5992, 14232, 18200, 161, -233,
1600, 6960, 13120, 17998, 508, -173,
-500, 10164, 12828, 16436, 297, -188,
804, 11736, 14268, 14109, 270, -151,
24, 14080, 13860, 11045, 148, -203,
484, 15252, 13644, 7043, 146, -159,
816, 14436, 13760, 3315, 114, -108,
452, 15012, 13712, -308, 141, -69,
364, 16352, 13556, -4531, -41, -11,
540, 12992, 13452, -8034, -370, -48,
1352, 10064, 14024, -9542, 50, 24,
556, 9480, 13892, -10623, 81, 50,
628, 10184, 13824, -12109, 82, 49,
224, 10376, 13796, -14027, -93, 30,
896, 9420, 13816, -15928, -196, 39,
200, 8656, 13792, -17611, -328, 40,
1208, 6484, 14196, -18657, -212, 90,
580, 5012, 14024, -19117, -125, 113,
764, 3888, 14312, -19362, -121, 90,
500, 3216, 14444, -19330, -43, 146,
624, 4072, 14328, -20215, -57, 128,
864, 2076, 14468, -20973, 30, 150,
180, -596, 14420, -20553, -121, 104,
756, -1712, 15084, -19705, -45, 122,
340, -2112, 14688, -19015, -169, 90,
1132, -3260, 14808, -18000, -140, 103,
656, -3908, 14920, -17174, -37, 88,
244, -8308, 15576, -14669, -89, 98,
0, -4964, 15496, -13150, -109, 49,
748, -4376, 15488, -12707, -45, 54,
496, -4440, 15096, -12575, -18, 53,
1184, -4412, 15048, -12655, 75, 44,
500, -5464, 14460, -12815, 34, 48,
896, -6424, 14552, -12451, -15, 16,
904, -6928, 14548, -11995, -88, 30,
760, -7380, 14388, -11556, -41, 52,
852, -7632, 14116, -11181, 26, 43,
576, -8568, 13972, -10598, -144, 21,
896, -9572, 14216, -9633, -5, 46,
888, -9964, 14036, -8481, -62, 16,
488, -10004, 13956, -7377, 15, 25,
760, -10288, 13764, -6386, -54, -23,
696, -11048, 13908, -5098, 53, -7,
844, -11260, 13764, -3641, 12, -31,
556, -11556, 13680, -2258, -9, -70,
824, -13164, 13656, -90, 40, -72,
608, -13692, 13476, 2536, 39, -84,
1144, -14084, 13756, 5479, 222, -106,
640, -13784, 13684, 8538, 169, -135,
740, -12544, 13600, 11190, 195, -175,
748, -10816, 13780, 13086, 204, -180,
452, -9864, 13596, 14575, 160, -218,
992, -9900, 13996, 16148, 226, -212,
808, -9004, 13764, 17903, 271, -230,
728, -7844, 13756, 19318, 287, -237,
228, -4972, 13356, 20053, 204, -275,
1756, -4360, 14132, 19818, 165, -273,
-128, -4148, 13792, 20248, 94, -289,
900, -3888, 14116, 21115, 268, -293,
1940, -2788, 14788, 21797, 279, -266,
820, -1168, 14440, 22067, 324, -287,
828, 596, 13988, 21849, 374, -301,
180, 2000, 14036, 21300, 156, -287,
1296, 2124, 14456, 20924, 320, -273,
620, 2436, 14292, 20856, 413, -238,
3368, 5436, 14728, 19593, 411, -182,
-960, 6788, 14128, 18073, 64, -180,
1508, 7000, 14692, 16647, 408, -216,
-80, 7284, 14108, 15255, 79, -240,
420, 7492, 14404, 14408, 164, -223,
436, 6736, 14008, 13931, 61, -220,
648, 6972, 13792, 13753, 110, -217,
1100, 7968, 13740, 13495, 299, -175,
220, 8992, 13200, 13025, 112, -192,
1188, 9728, 13376, 12129, 299, -180,
412, 9624, 13284, 11482, 209, -162,
796, 9680, 12840, 11075, 244, -153,
188, 9532, 12732, 10899, 159, -161,
836, 9856, 12672, 10916, 173, -162,
736, 10728, 11880, 10733, 158, -168,
548, 11532, 11768, 10197, 164, -161,
688, 13112, 12040, 9165, 225, -131,
700, 13332, 11208, 7780, 131, -154,
596, 13280, 11188, 6515, 127, -122,
632, 12936, 11364, 5487, 16, -116,
440, 11944, 11268, 4995, 28, -124,
620, 10948, 11260, 5172, 77, -149,
544, 10400, 10828, 5873, 124, -133,
600, 10556, 10520, 6727, 168, -131,
652, 11356, 10408, 7405, 166, -126,
744, 12188, 10036, 7702, 221, -124,
516, 13684, 9880, 7321, 214, -122,
508, 15088, 9820, 6208, 178, -101,
252, 14712, 9460, 5016, 66, -111,
552, 13664, 9508, 4374, -3, -119,
752, 13180, 9360, 4263, 76, -112,
432, 12768, 9032, 4402, 110, -124,
628, 12648, 9064, 4735, 100, -106,
588, 13040, 8884, 4998, 143, -98,
312, 13696, 8712, 5012, 133, -123,
480, 14072, 8456, 4829, 96, -111,
520, 13784, 8332, 4647, 63, -117,
592, 13532, 8364, 4777, 105, -115,
424, 13824, 7832, 4896, 118, -111,
500, 14072, 7964, 4892, 112, -117,
512, 14620, 7468, 4677, 150, -69,
400, 15840, 7404, 3929, -8, -91,
624, 16528, 7824, 2646, 114, -88,
364, 15748, 7540, 1702, -38, -87,
636, 14464, 7076, 1405, 167, -68,
564, 13480, 7120, 1791, 93, -115,
440, 13412, 7056, 2410, 116, -90,
440, 14364, 7132, 2620, 33, -84,
496, 14768, 7100, 2543, 121, -94,
360, 14788, 6840, 2430, 120, -91,
376, 16388, 6656, 1742, 139, -71,
184, 17852, 6604, 159, 71, -77,
420, 18372, 6648, -1919, -31, -79,
504, 18596, 6568, -4119, -4, -44,
528, 19340, 6824, -6674, 2, -48,
348, 19620, 6720, -9611, -10, -9,
480, 19408, 6800, -12655, -73, 28,
492, 18556, 6776, -15356, -42, 41,
508, 17272, 7192, -17598, -98, 87,
480, 15640, 7684, -19190, -160, 79,
476, 14612, 8296, -20314, -143, 101,
496, 14048, 8696, -21343, -120, 98,
512, 13540, 8908, -22345, -166, 121,
468, 12712, 9352, -23334, -186, 151,
480, 11020, 10036, -23855, -162, 121,
460, 9432, 10448, -23846, -128, 143,
496, 8488, 11080, -23570, -145, 109,
636, 7332, 11792, -23091, -88, 142,
480, 7164, 12080, -22787, -118, 118,
772, 7396, 12592, -22981, -127, 136,
420, 7668, 12688, -23835, -146, 143,
820, 6664, 12976, -24801, -148, 138,
616, 5496, 13236, -25641, -79, 158,
112, 1656, 13200, -24886, -86, 154,
504, 2500, 13440, -24889, -307, 137,
576, 1924, 13576, -25264, -432, 149,
1196, 912, 13840, -25640, -283, 142,
496, -464, 13332, -25933, -202, 167,
720, -1860, 13340, -25885, -248, 169,
620, -3132, 13452, -25693, -200, 175,
888, -3780, 13332, -25644, -132, 193,
724, -4696, 12912, -25583, -191, 182,
404, -5932, 12624, -25589, -111, 205,
920, -7160, 12520, -25195, -136, 158,
88, -9524, 11904, -24199, -396, 146,
928, -9268, 12088, -23297, -274, 132,
744, -9144, 11700, -23032, -153, 179,
464, -11356, 10896, -22309, -337, 146,
796, -15532, 11140, -20041, -376, 146,
1284, -22292, 11584, -14596, -235, 98,
1392, -21828, 11960, -7939, 147, 40,
268, -19208, 11584, -3084, 100, -36,
1192, -20172, 11828, 1987, 127, -114,
548, -19460, 11748, 6750, 181, -130,
1104, -18556, 11748, 11158, 241, -172,
424, -17952, 11396, 15342, 254, -220,
1148, -15428, 11652, 18969, 425, -280,
748, -11404, 11476, 20725, 460, -257,
352, -5632, 11680, 20011, 291, -249,
672, -356, 12600, 16298, 185, -235,
448, 3220, 13732, 10559, 97, -185,
436, 5128, 14072, 3611, 21, -102,
396, 3916, 14440, -3182, -101, -67,
748, 576, 14200, -8422, -112, -22,
716, -1920, 13448, -12193, -131, 40,
972, -4196, 13176, -14872, 16, 84,
696, -6036, 12652, -16646, -34, 108,
216, -8492, 11876, -17476, -135, 84,
1340, -11988, 12104, -16842, 7, 108,
652, -15628, 11732, -14364, 5, 79,
484, -20296, 11716, -9545, 18, 17,
984, -21560, 12204, -3523, -10, -47,
692, -19724, 12140, 1822, 37, -64,
620, -20148, 11860, 6988, 33, -157,
864, -19660, 12224, 12342, 8, -192,
884, -17768, 11812, 16897, 169, -235,
688, -15652, 11492, 20622, 263, -289,
888, -14216, 11520, 23772, 248, -335,
728, -12080, 11484, 26270, 381, -350,
708, -8092, 11428, 27411, 394, -361,
1064, -5632, 11740, 27312, 395, -373,
796, -4948, 12136, 27085, 323, -383,
768, -4528, 12428, 27173, 304, -373,
1048, -3448, 12848, 27362, 342, -363,
444, -2400, 13028, 27458, 407, -362,
744, -420, 13212, 27288, 429, -330,
388, 2188, 13424, 26402, 500, -286,
192, 3544, 13468, 24989, 330, -322,
592, 5376, 13716, 23255, 296, -289,
504, 7632, 13908, 20709, 275, -223,
724, 9172, 14368, 17709, 292, -184,
444, 9760, 14704, 14549, 171, -178,
772, 10044, 14912, 11541, 224, -171,
500, 11512, 14960, 8203, 144, -135,
544, 12104, 14976, 4443, 106, -111,
416, 11936, 15124, 792, 37, -76,
664, 12004, 15216, -2818, 61, -32,
616, 11700, 15060, -6306, -17, -31,
476, 10632, 15028, -9701, -46, 3,
696, 8132, 14872, -11917, -88, 33,
692, 7460, 15000, -13637, -77, 42,
748, 8024, 14744, -15742, -57, 80,
468, 7536, 14476, -18235, -156, 55,
696, 6064, 14236, -20449, -88, 107,
584, 4180, 14068, -22079, -195, 108,
716, 1928, 14096, -22911, -175, 111,
728, -1564, 14376, -22082, -177, 149,
512, -1600, 14300, -21518, -156, 145,
624, -2628, 14252, -21047, -205, 119,
836, -4480, 14484, -20121, -223, 132,
792, -4856, 14688, -19069, -119, 117,
780, -5084, 14348, -18277, -187, 82,
628, -5772, 14436, -17543, -79, 105,
812, -5780, 14308, -17135, -124, 84,
484, -6612, 14020, -16796, -73, 101,
428, -6896, 13816, -16374, -167, 75,
476, -6940, 13804, -16226, -189, 92,
808, -7728, 13328, -16308, -154, 103,
876, -10032, 13184, -15502, -80, 92,
940, -10560, 13124, -14320, -19, 89,
644, -10700, 12696, -13320, -39, 67,
928, -11812, 12620, -12012, -64, 64,
1048, -12208, 12668, -10579, -42, 42,
944, -12580, 12308, -9141, -74, 26,
1004, -12900, 12296, -7660, 14, 16,
324, -14340, 12164, -5744, -78, -11,
876, -15896, 12340, -2982, -5, -38,
912, -16424, 12436, 213, 14, -79,
784, -15972, 12364, 3260, 144, -72,
660, -15948, 12296, 6325, 186, -116,
848, -15048, 12320, 9167, 183, -162,
704, -14216, 12304, 11642, 222, -172,
664, -13284, 12372, 13806, 199, -207,
852, -12296, 12488, 15388, 220, -255,
964, -11144, 12540, 17143, 183, -273,
812, -9988, 12532, 18372, 176, -281,
948, -9208, 12860, 19421, 215, -311,
728, -8268, 13252, 20333, 309, -274,
896, -6480, 13384, 20888, 323, -283,
576, -5664, 13680, 21146, 255, -302,
736, -5144, 13640, 21576, 264, -302,
608, -4012, 13972, 21914, 264, -272,
748, -3008, 13756, 22120, 285, -308,
644, -1764, 14024, 22165, 236, -322,
980, -220, 14164, 21823, 321, -286,
624, 808, 14352, 21336, 348, -271,
628, 1820, 14276, 20752, 321, -254,
644, 2864, 14436, 20039, 309, -269,
476, 4008, 14316, 19116, 219, -246,
540, 5104, 14532, 18035, 225, -248,
520, 5468, 14688, 16926, 206, -217,
472, 5964, 14452, 15960, 129, -249,
648, 6808, 14284, 15106, 99, -219,
828, 7560, 14520, 13733, 91, -208,
576, 8492, 14356, 12352, 97, -215,
768, 8584, 14520, 10898, 151, -189,
560, 8072, 14352, 9963, 101, -197,
900, 7440, 14224, 9647, 198, -153,
704, 7400, 14072, 9659, 289, -165,
568, 7284, 13628, 9847, 237, -168,
248, 8720, 13304, 9760, -5, -160,
776, 9464, 13508, 9185, 69, -159,
1084, 10416, 13440, 8402, 302, -133,
168, 11892, 13200, 6927, 229, -103,
720, 11276, 13080, 5514, 159, -144,
136, 10824, 12812, 4659, 109, -143,
1440, 10236, 13124, 4018, 115, -101,
-24, 10328, 12888, 3759, 107, -122,
1120, 10804, 12836, 3265, 253, -85,
-8, 13168, 12472, 1922, 100, -56,
608, 15460, 12572, -938, 90, -39,
280, 13840, 12856, -3548, 8, -32,
336, 12268, 12896, -5249, 14, -56,
512, 10728, 12888, -6074, -39, -33,
812, 10880, 12948, -6722, -15, -33,
364, 10912, 13016, -7667, -53, -14,
580, 10444, 13116, -8556, -144, 5,
512, 10044, 13356, -9364, -127, 6,
728, 9256, 13576, -9950, -110, 9,
824, 8652, 13672, -10324, 13, 36,
356, 9368, 13768, -10966, -93, 28,
520, 9700, 13800, -12216, -63, 38,
784, 8648, 14156, -13352, -79, 41,
92, 7656, 13924, -14016, -86, 67,
672, 6120, 14224, -14371, -67, 69,
744, 4492, 14556, -14070, -34, 71,
476, 3480, 14844, -13321, -20, 71,
848, 3168, 15060, -12537, 4, 54,
644, 2772, 15212, -11808, 38, 62,
688, 1716, 15376, -10830, 41, 43,
1568, -80, 15276, -8974, 3, 41,
788, 988, 15488, -7600, 164, -5,
576, 1532, 15556, -6852, 108, -4,
440, 1616, 15828, -6305, -43, -11,
784, 2452, 16156, -6283, 62, 3,
708, 3132, 16012, -6823, 48, 13,
504, 3228, 15844, -7602, -3, 13,
760, 3360, 16164, -8631, 21, 18,
624, 4456, 15868, -10316, 130, 25,
144, 4388, 15528, -12438, -85, 37,
888, 3016, 15472, -14281, -107, 23,
808, 376, 15296, -15192, -114, 26,
224, -1660, 15212, -15072, -227, 33,
1056, -2764, 15496, -14547, -159, 49,
720, -5192, 15252, -13232, -243, 17,
1488, -6900, 15968, -10833, -27, 39,
432, -4900, 15700, -9299, -72, 9,
648, -3992, 15644, -8785, -59, 26,
588, -4288, 15532, -8398, -105, 11,
792, -4924, 15716, -7900, -34, 9,
980, -5508, 15552, -7190, 9, -6,
848, -6024, 15480, -6345, -26, -3,
856, -7196, 15536, -5069, -76, -33,
408, -8032, 15492, -3351, -60, -43,
732, -8384, 15768, -1342, 109, -56,
816, -8508, 15644, 623, 78, -70,
736, -8416, 15612, 2646, 98, -105,
756, -8552, 15640, 4716, 82, -114,
896, -5932, 15676, 6083, 189, -127,
676, -3368, 15504, 5969, 218, -98,
648, -1332, 15656, 4667, 175, -103,
456, -1060, 15632, 2990, -34, -117,
816, -2020, 15836, 1798, -76, -123,
424, -1808, 15664, 762, -149, -76,
868, -1216, 15924, -685, 11, -73,
968, -3608, 15808, -1258, -44, -81,
992, -5688, 16128, -425, 132, -46,
1112, -6664, 16156, 1127, 342, -49,
408, -7412, 15956, 3139, 291, -87,
688, -7668, 15828, 5529, 259, -116,
784, -6820, 16056, 7744, 246, -150,
580, -4680, 15564, 9107, 257, -144,
652, -2740, 15592, 9447, 213, -154,
852, -608, 15708, 8810, 114, -163,
564, 1024, 15788, 7415, 43, -141,
656, 2520, 15764, 5229, 25, -126,
544, 5100, 16344, 2004, -13, -89,
436, 5484, 16060, -2099, -124, -49,
572, 3796, 15904, -5548, -126, -36,
776, 392, 16184, -7451, -178, -9,
916, -1156, 16072, -8140, 1, 14,
612, -2048, 15700, -8412, -33, 19,
916, -3368, 15828, -8195, -11, 15,
668, -4764, 15984, -7381, 2, -6,
1008, -6640, 15896, -5656, 82, -13,
636, -8432, 16000, -3093, 167, -6,
1424, -9564, 16116, 94, 224, -66,
680, -9520, 15904, 3674, 221, -100,
676, -8260, 15880, 6867, 287, -115,
608, -6908, 15708, 9280, 218, -158,
688, -5124, 15640, 11023, 194, -178,
684, -3080, 15392, 11890, 209, -200,
820, -1960, 15640, 12239, 194, -183,
460, -100, 15420, 11865, 174, -185,
840, 1240, 15716, 10886, 113, -181,
632, 1108, 15700, 9985, 97, -161,
680, 1256, 16000, 9293, 72, -161,
680, 2964, 15820, 8223, 149, -146,
484, 5204, 15920, 6013, 72, -144,
712, 7108, 16128, 2796, 80, -105,
412, 6840, 16000, -616, -17, -100,
748, 5276, 16296, -3473, -81, -53,
688, 3272, 16216, -5151, -123, -47,
1076, 3400, 16132, -6576, 53, -1,
384, 2860, 15808, -8173, -122, -5,
