-1.23033945834443
-1.22892846109337
-1.22704321912758
-1.22845570670904
-1.22951147481841
-1.22907939103989
-1.22807462754324
-1.22774311110320
-1.22502348666852
-1.22285052502211
-1.22117431842534
-1.21812548202819
-1.21533084294579
-1.21059447974532
-1.20136062656822
-1.18846999664563
-1.17352618287513
-1.15823472501648
-1.14107443419698
-1.12200453834459
-1.09806527862552
-1.07016336946749
-1.04273553092704
-1.01242310462928
-0.979280211660310
-0.945209761988634
-0.910743600653436
-0.872162775023574
-0.829449910717837
-0.783219252036692
-0.731629690479893
-0.677401329161119
-0.668117443553222
-0.615715836584906
-0.554753375872928
-0.501682132797295
-0.455164291147967
-0.409942552943417
-0.366243741951613
-0.320678639473947
-0.271216483565125
-0.226060720065637
-0.189729204873816
-0.168162167554822
-0.152192240150912
-0.130633568256407
-0.110323529546615
-0.0979391747847886
-0.0974668741100689
-0.107166823093934
-0.122724337712951
-0.141419229080195
-0.165755565520971
-0.196286343179865
-0.234552774110220
-0.276999325946968
-0.319515636059813
-0.362404254539886
-0.403838490410971
-0.444182669174559
-0.489468842977788
-0.537692086947362
-0.580692574409223
-0.619681277857484
-0.648536955539919
-0.673969393838126
-0.704127815479306
-0.737002881106246
-0.764887010569465
-0.785369831093530
-0.796551940431354
-0.796551940431354
-0.796551940431354
-0.796551940431354
-0.796551940431354
-0.796551940431354
-0.796551940431354
-0.796551940431354
-0.838328174300760
-0.841512822703643
-0.835150704688426
-0.828251333316928
-0.822919927700632
-0.818954766941214
-0.817124192765806
-0.814661187627122
-0.814073821363740
-0.813951722587371
-0.814211670837905
-0.815237757656025
-0.817936632746500
-0.820051961079442
-0.824511802954055
-0.831848869181114
-0.835944169436196
-0.839878604663322
-0.843141382788304
-0.846631278637450
-0.850990531191555
-0.853252519272325
-0.854431206487271
-0.856342492291273
-0.857624230721783
-0.861046920991369
-0.865113317128940
-0.868114281776221
-0.868776140081350
-0.867137848088354
-0.863145396284093
-0.859725735798159
-0.855207034563497
-0.852032960062413
-0.849065572340899
-0.845535199167795
-0.844038187185817
-0.843844779933465
-0.844779451390495
-0.847767598438230
-0.852229466652305
-0.856545708890039
-0.858887561189583
-0.861404711856371
-0.864372871938691
-0.868014738072088
-0.873121678284593
-0.877773962190760
-0.884934485486834
-0.892570619201521
-0.901678552414565
-0.908451877210993
-0.916458530751151
-0.923200063318706
-0.929953451730940
-0.937231996106906
-0.946031372483928
-0.953892749628451
-0.960805783758779
-0.967452979905473
-0.978279452878231
-0.993695617932719
-1.01085146137563
-1.02758936991191
-1.04402321794662
-1.05673432701894
-1.06771713803095
-1.07872158907864
-1.09065919657181
-1.10049899841684
-1.10972687176068
-1.11831523518272
-1.12516087305706
-1.13287593911755
-1.14229340611984
-1.14988347117150
-1.15717610168259
-1.16335160259387
-1.16858931216336
-1.17529197527653
-1.18131652132368
-1.18608917322349
-1.19050261495649
-1.19432837411825
-1.19885702010850
-1.20296848012463
-1.20763745449624
-1.21124250127634
-1.21380161361873
-1.21629173822722
-1.21822309162433
-1.22207129051427
-1.22539094065956
-1.22649442053009
-1.22775946745887
-1.22876635204921
-1.22948316103482
-1.22972458574520
-1.22983698756989
-1.22994551144259
-1.23002389531521
-1.23007542777059
-1.23001218891573
-1.22966630710943
-1.22928074997196
-1.22925429334201
-1.23002177201736
-1.23002816957658
-1.23015706252726
-1.23029608295773
-1.23068545119819
-1.23050347211491
-1.23070545423218
-1.23076463603082
-1.23120088378623
-1.23191222336452
-1.23201469144799
-1.23147803067883
-1.23064496040012
-1.23068560549280
-1.23066199617747
-1.23080829354172
-1.23109437374205
-1.23116810242807
-1.23054567870605
-1.23013072435322
-1.23037200385122
-1.23033717237303
-1.23039135344582
-1.23304209038418
-1.24172671692895
-1.23599166707932
-1.22882348735109
-1.22262298647272
-1.21983378972502
-1.21522280934129
-1.20713284037755
-1.19412238167635
-1.17821443412814
-1.16116728675138
-1.14315490774639
-1.12183752333467
-1.09487804991171
-1.06351374035276
-1.02513033605519
-0.981806475742113
-0.941036977936756
-0.898111752069601
-0.855865868714863
-0.816002777511339
-0.773247725123673
-0.727751906637495
-0.681781894455193
-0.682649785616517
-0.639725924139344
-0.600333961027498
-0.563806448893336
-0.526176431910998
-0.489250200953054
-0.454016867616780
-0.413886256600686
-0.372358676025143
-0.330548540069533
-0.289977113333565
-0.253931957332143
-0.220203000647714
-0.180741957326309
-0.140652924732773
-0.100880445621050
-0.0572915189821567
-0.0157521001464169
0.0257957996458637
0.0686889029661644
0.107068196846291
0.143599449980412
0.183773992569676
0.222192601226972
0.257803946370079
0.291104378045912
0.317851143025993
0.341747477241715
0.366588666637523
0.387105951139991
0.402030922962304
0.416532062988361
0.427919416809099
0.438725810661657
0.454261272815693
0.470242578601501
0.487003107334199
0.509511413898182
0.533265112118136
0.558364854443550
0.585800523669914
0.615286093375196
0.649328642884824
0.682220457289850
0.719102968214622
0.759021269565741
0.791864477232282
0.822658397166264
0.846263255068393
0.865938770013198
0.890889476254602
0.917571248420461
0.938343842312968
0.957816206135830
0.973526371728863
0.979482935150230
0.977397656099105
0.977527696537304
0.978650520202212
0.979111342576239
0.979070009697969
0.978572621437359
0.974820772554048
0.968781972839650
0.955202113471804
0.928660807335161
0.895029598455444
0.858956686444616
0.815927378362686
0.770417848028175
0.723846980027723
0.673016003180743
0.618434412014745
0.570566765832886
0.523811153149319
0.475540327932915
0.432110219021031
0.391349229269868
0.350747739180692
0.310603735391695
0.274269812680093
0.240924542095610
0.207602574894457
0.173647689949082
0.142596205335829
0.114587406536252
0.0857201749652375
0.0559426432292287
0.0305563795310028
0.00389447118511526
-0.0287211383587422
-0.0602960363957254
-0.0897946027101594
-0.122906486889246
-0.157534579586304
-0.196048826732212
-0.239441485982495
-0.282940209076675
-0.327338357672477
-0.363316617511408
-0.392910180942034
-0.425764811079720
-0.461200738466940
-0.493598958198439
-0.525451574479544
-0.558580681498618
-0.589489868053645
-0.621112098215310
-0.653811688171740
-0.688201612276836
-0.722788730178064
-0.757367666052556
-0.791472884036409
-0.827002398507614
-0.861389137820888
-0.858498049384295
-0.897526446951491
-0.928246252510544
-0.957619960984010
-0.982362474612247
-1.00458400835901
-1.02849475692395
-1.05464297832435
-1.07936393443934
-1.10563386114128
-1.12971041689994
-1.15185842204550
-1.17390424845558
-1.19013052009023
-1.19752206940294
-1.20162397180660
-1.20727018322897
-1.21127637609216
-1.21387334648010
-1.22297036989083
-1.23119376574596
-1.22952463911325
-1.23030828310154
-1.23053733941022
-1.22957569531211
-1.22666099826886
-1.21676352374584
-1.19757537224956
-1.17804566365820
-1.15909156371788
-1.13176946927392
-1.09897714392586
-1.06214836269477
-1.02124011242943
-1.02124011242943
-0.970940800840302
-0.918322524579838
-0.859978407484605
-0.817684986112453
-0.776962561044894
-0.737565781624317
-0.701911746070988
-0.666716087744205
-0.631038427071336
-0.598864195259862
-0.567284665037459
-0.539168227260088
-0.509534603050866
-0.470833506328507
-0.426885358626089
-0.385866122010494
-0.342660126293584
-0.297369482620816
-0.256694009006463
-0.215498278994993
-0.171187617667036
-0.122134035075513
-0.0665267097249126
-0.0150184078717910
0.0220715562386572
0.0599901609696192
0.0969772936924581
0.133072225412772
0.172236447769770
0.209917158331535
0.239855864683943
0.265044309749139
0.273562380938022
0.252565470394073
0.209813955115375
0.149111906675874
0.0749012275442813
-0.0121416382406317
-0.104184522983437
-0.184717925758108
-0.265167822867643
-0.336521136281941
-0.395649774868920
-0.439917527770740
-0.456252089401522
-0.447355691348204
-0.415607439479561
-0.369289456640394
-0.311054960336959
-0.232032829914657
-0.147175829472520
-0.0611949912086540
0.0361060973974536
0.123272273585636
0.193619195448368
0.251718627303395
0.291562101736242
0.305220538247269
0.292691876940324
0.258119891955714
0.201828280657095
0.120305695419475
0.0297955998738046
-0.0644533476983962
-0.167082494294613
-0.262528074766327
-0.352361814378287
-0.438612304648198
-0.515069406870395
-0.589674257101273
-0.655421578861730
-0.701522563964752
-0.736323831558680
-0.760202668560432
-0.772466167549667
-0.764146171548637
-0.734304842650305
-0.686364793083304
-0.615646156658765
-0.530206547154232
-0.442113026641658
-0.339997832954907
-0.230189534726656
-0.128858166752893
-0.0283115496012168
0.0676122712823317
0.145905007287322
0.220068623459635
0.288203141418965
0.342508342320463
0.394611086280706
0.434355253370568
0.453807987459459
0.454128806163131
0.434541893378843
0.400092073184851
0.350142361594797
0.288323884543488
0.221047030382601
0.140432812284512
0.0569971790289532
-0.0170731884977860
-0.0894736807221180
-0.154256373056585
-0.209589841052145
-0.268784899269620
-0.333931132976658
-0.399074995815423
-0.471404420480044
-0.543984650248675
-0.615099490530305
-0.693760286256619
-0.758598021535937
-0.810869054143911
-0.852818768331254
-0.886491197474529
-0.919300792071010
-0.949869826342418
-0.975176621256130
-0.992484158643913
-0.995312329653702
-0.984958412420010
-0.966451305466394
-0.937390827088775
-0.897280594933093
-0.844899802173024
-0.778928214433806
-0.703018595592415
-0.624559404175917
-0.545176913110917
-0.469190270866737
-0.386073056711023
-0.289500998437090
-0.202973002661227
-0.136823342516993
-0.0730988487095799
-0.0123680111988339
0.0536404736749282
0.119230559519667
0.175703171782557
0.232828419696164
0.293002508928110
0.346266932161542
0.404256903916154
0.461247397326810
0.508769836836868
0.556104654155261
0.590824217450648
0.612428803163740
0.625618630508627
0.620482311501222
0.592678549915746
0.546781078988988
0.482309023614974
0.403797530071350
0.311186866422529
0.224396998082844
0.166709526549375
0.141705320163633
0.139573836594200
0.160165230594993
0.198283309299840
0.224703602091189
0.220588859229075
0.182101988085934
0.113661999520221
0.0331622971087393
-0.0640406763008672
-0.160206496386525
-0.248793703008409
-0.337055600483804
-0.410986166864996
-0.475548698432809
-0.541730858724982
-0.604141771091306
-0.663493447069914
-0.716514306571330
-0.759423805651976
-0.795511400504429
-0.815447684505639
-0.806492398198977
-0.770741764566957
-0.710144984586317
-0.633449761165612
-0.563735013613510
-0.523035102615291
-0.513107973216196
-0.522717119709056
-0.545264164196471
-0.559222800919920
-0.553487405242629
-0.533782384274286
-0.523140326201235
-0.532906309404311
-0.563025548484825
-0.605708496020632
-0.661880124385022
-0.713806492899842
-0.751047595564793
-0.770498342927175
-0.773066170276244
-0.752714849630944
-0.705098406994228
-0.641059400729649
-0.561024307939819
-0.462137782789630
-0.368987968730743
-0.287955605391393
-0.209287936287911
-0.135246461895847
-0.0788707201384678
-0.0472414693479228
-0.0445597252680108
-0.0669373966363805
-0.117073286803680
-0.183514117922720
-0.252723942810583
-0.331038177123928
-0.410630374036676
-0.480498620932572
-0.552999627607141
-0.622823468527454
-0.691488028095045
-0.756621461157371
-0.801116675693453
-0.836364232305170
-0.861646333737269
-0.862344836737270
-0.829925785294010
-0.775832959653130
-0.710923431871088
-0.633961486344167
-0.546155352346927
-0.459891767801438
-0.370498698797704
-0.275284383503540
-0.187143055277711
-0.110840265315334
-0.0396308793549365
0.0328463271805354
0.106068349630125
0.184003581679201
0.251511764861864
0.316206001450701
0.379995417062815
0.428732353897325
0.474461060258726
0.517360293056039
0.553058174423443
0.585395005399983
0.614173777286335
0.632502729426893
0.634995445213042
0.618732955722185
0.587356372138147
0.530846437720413
0.455158770936876
0.378168645301337
0.288342846796714
0.192405617608301
0.0977690723965036
-0.00135238109631621
-0.0948818085759519
-0.175451509641584
-0.256331605096568
-0.336388994278649
-0.409525141827814
-0.481779338290786
-0.544833549024024
-0.602660107269070
-0.660678494951688
-0.704871499964261
-0.742628995560494
-0.780419351036203
-0.812828910546780
-0.844246056552729
-0.879696987933871
-0.915295728082596
-0.947382810334659
-0.964830252253795
-0.971535871869971
-0.969909103864673
-0.951946949740066
-0.911828820278112
-0.854045029191234
-0.790444137566090
-0.733011000869852
-0.675503364967707
-0.622684482579395
-0.564337940220516
-0.493717739706514
-0.418753968524440
-0.350282073652530
-0.293360705821887
-0.250625507743318
-0.219052558425142
-0.189461169710587
-0.158866626520490
-0.124045340634103
-0.0876214860889179
-0.0473665784937023
-0.00232909327742523
0.0485243672662503
0.106831675410452
0.162367620654387
0.212393209166439
0.259364488309998
0.296256436118472
0.331472343511413
0.363454837150457
0.387014793984320
0.401157250500918
0.399159781944754
0.377883692516521
0.338450823811783
0.284107917874208
0.222734840228480
0.156894123856061
0.0877727094801328
0.0256656516121817
-0.0388064091179255
-0.106558484139602
-0.173819687267164
-0.244649575563783
-0.315955595169319
-0.381855027390665
-0.448126413967184
-0.511057132239855
-0.568727494467868
-0.627227274341979
-0.679720589235973
-0.729128042686703
-0.778392806780584
-0.827652290889608
-0.881697843782567
-0.933720037529364
-0.975550453041387
-1.00810447597775
-1.02952187761571
-1.04026469388417
-1.04302678352368
-1.03571184436003
-1.01384695640407
-0.967143986732513
-0.899644029812658
-0.823317588772755
-0.732309102889203
-0.633735739786451
-0.533900594792997
-0.438280256609520
-0.348309613684242
-0.266235347762315
-0.189463819572354
-0.113323748070325
-0.0423502800076400
0.0230392503799090
0.0926897952266196
0.157771288750809
0.220126180307007
0.284876064158996
0.344880661286790
0.406227151299512
0.470376443939404
0.522160672387773
0.569622456966591
0.609603745590616
0.632648093643220
0.639718952966052
0.624849765730487
0.588952085629839
0.533780602345715
0.470259111682527
0.405427986566168
0.335395827476703
0.266180137537662
0.202334751627878
0.139029030797482
0.0753808084432197
0.0195274350874211
-0.0380753128127732
-0.0960121674723465
-0.148181897506415
-0.203026492269122
-0.257699259514082
-0.307323133101145
-0.361165228280040
-0.415327318186656
-0.467645051115930
-0.522176011515499
-0.572599459249201
-0.621818023766161
-0.675464857587400
-0.724551461163158
-0.774023545442378
-0.822818746178730
-0.861343577313401
-0.892640825566888
-0.918702828240607
-0.938991312982385
-0.956991977086427
-0.977247228219827
-0.999156769947612
-1.02577498615607
-1.04874712582521
-1.06189373362248
-1.06476458858980
-1.05966294796336
-1.04117998210455
-1.00630312035901
-0.961139283396804
-0.910129702741702
-0.847505695986910
-0.782313936979657
-0.716339411853642
-0.649631070824585
-0.585770042854055
-0.534107031228786
-0.483083690039788
-0.426877949394315
-0.369383259679810
-0.307888041593246
-0.247031066574846
-0.192409533395762
-0.142179876154842
-0.0912026167825600
-0.0432548300778040
0.00554987121097735
0.0550744040855901
0.0988111724670398
0.145837085297004
0.200172729467655
0.253822075675973
0.307671074422602
0.361379456681370
0.409354645038278
0.454350235271036
0.492649553374877
0.517804026853475
0.526655464336096
0.508553966124569
0.465755549658693
0.399376959585360
0.322064775250215
0.246672463940975
0.173475063122863
0.108216499379694
0.0516051221355937
-0.0103006379118334
-0.0677822847351461
-0.112619629163255
-0.152768055933860
-0.188590782579238
-0.215310670079257
-0.227903700103885
-0.227620863706761
-0.225845188652720
-0.226293607268901
-0.231350569956397
-0.242233302371826
-0.261731938044894
-0.276807145577359
-0.268484572380232
-0.237265148102078
-0.199330058611782
-0.169285126995754
-0.144634852845352
-0.127348269214120
-0.127720660805859
-0.146169656164720
-0.167817148290526
-0.187059144127945
-0.198950931967338
-0.181666645188099
-0.154970914095626
-0.130114864716404
-0.110435215891992
-0.0939499948058294
-0.0776172156435534
-0.0703326714886457
-0.0741575220519712
-0.0827326061291923
-0.0908940801857110
-0.0983557758553998
-0.107812700356521
-0.118201081725246
-0.124461870486290
-0.121694724795042
-0.120157973068782
-0.121262846949494
-0.125618443246479
-0.132512440162196
-0.143123234911253
-0.158431717728232
-0.177513135707977
-0.203459636014082
-0.235887127325075
-0.244126383793756
-0.217797331084665
-0.184080064271709
-0.160510045077968
-0.142416440449401
-0.129792948652186
-0.121815117065311
-0.117499663230454
-0.116736095689203
-0.119026396132911
-0.123703011573298
-0.128870069151165
-0.133984536474156
-0.127341539814858
-0.112319688480612
-0.0991619976585541
-0.0875532842884369
-0.0768179975321445
-0.0670418790237995
-0.0588790611825313
-0.0594857758051922
-0.0693003392971451
-0.0795821142566312
-0.0945866931673207
-0.116941357740311
-0.145877714957717
-0.176993824381702
-0.203257977552339
-0.218259540159120
-0.205061707403649
-0.164337839186904
-0.112738396945670
-0.0628340548710893
-0.0181841765355644
0.0197478840708912
0.0250463451658846
0.0118199549586134
-0.0181748246787638
-0.0568941222218857
-0.106148229096280
-0.164986846989430
-0.227436100911468
-0.291767444799793
-0.331870848104619
-0.342390389771964
-0.352461711927779
-0.376686207897206
-0.388845325004905
-0.373134726641880
-0.338386875435389
-0.302747232664697
-0.273234972350465
-0.252883132852667
-0.239727779810283
-0.235835469286809
-0.248369619074682
-0.280820281864818
-0.322854910258061
-0.358961127459776
-0.377863728926057
-0.381826587268908
-0.371486039688784
-0.347919522048194
-0.313995554951115
-0.281297862938275
-0.263712752577006
-0.266559093618862
-0.286180230946444
-0.318527763240306
-0.352403862753266
-0.354144809587711
-0.331448039130337
-0.300037408882231
-0.272391041235778
-0.259858727795085
-0.260496111912424
-0.276841084514383
-0.280013452509303
-0.257778614758544
-0.226766977406232
-0.202408407817738
-0.188093846973721
-0.180588215134969
-0.184532323836714
-0.197003767232565
-0.207944683845730
-0.196030015434320
-0.163133718472175
-0.139451832199961
-0.132888204834478
-0.137742827463101
-0.152013139976987
-0.171360831253209
-0.189147341317495
-0.185117912333547
-0.171019420525883
-0.164738159256005
-0.187840873391475
-0.227041681813564
-0.252833515857671
-0.228579188972255
-0.195167180849799
-0.186740894877731
-0.225240187420443
-0.263472852098686
-0.240905564211051
-0.185833333086028
-0.152876454508736
-0.186804377479546
-0.226572564536181
-0.221106877889246
-0.194520557191059
-0.183144340293996
-0.211293857602641
-0.247814063489620
-0.249654242187693
-0.222480515905931
-0.196940995524484
-0.194931936548208
-0.217123860151232
-0.225858069846280
-0.207953930026164
-0.185465209507645
-0.168776714714777
-0.160740443869634
-0.152030563965487
-0.137976642050113
-0.119200184830214
-0.0926381151045961
-0.0600730538895466
-0.0296714559212538
0.00369617872373936
0.0410260159243487
0.0676756866668462
0.0549263740766090
0.00210746498055321
-0.0735395413988341
-0.166389223097294
-0.245572212561946
-0.280115382540114
-0.271440906516104
-0.226286438905276
-0.160102741895408
-0.0829666468653893
-0.00602084344464790
0.0296162197374405
0.0317665722805453
1.57705697499813e-05
-0.0652273456083724
-0.160401150047227
-0.255618342057271
-0.332111661043016
-0.394622308231972
-0.409585642579872
-0.382123502641966
-0.318853837579877
-0.238448074202615
-0.145013559386640
-0.0469723129107458
0.0345355387504375
0.0944269955101610
0.136751875123525
0.153832486351136
0.138574607352391
0.0877793933806722
0.00671366544877072
-0.0907479576116822
-0.207320976627957
-0.317886419905226
-0.317886419905226
-0.527468615617475
-0.595396512490256
-0.645521212775985
-0.677314986214087
-0.675911075652260
-0.641708338774675
-0.574768481402061
-0.487113554017487
-0.487113554017487
-0.262541458538093
-0.158614237717526
-0.0558532039788670
0.0381323903214560
0.114368740797586
0.186606655931459
0.186606655931459
0.186606655931459
0.186606655931459
0.186606655931459
0.186606655931459
0.186606655931459
0.108527443020964
0.0257742266008591
-0.0613264109249977
-0.149438704204564
-0.235647523353488
-0.331971641398178
-0.415257677894429
-0.490651492773629
-0.563358714901584
-0.617100555758729
-0.646956561006264
-0.649152721719378
-0.623396293732630
-0.584302424588937
-0.534936029925527
-0.472070599575482
-0.401317908787338
-0.321462096104439
-0.242264415885032
-0.163742533377176
-0.0866665855688111
-0.0188101447366273
0.0361394430409839
0.0880738538483218
0.137370111537580
0.183725055810627
0.231559969374746
0.272348294666230
0.306625989599234
0.334315618863700
0.348516403892613
0.353033694758371
0.338954121403354
0.305976800627661
0.252826065619328
0.183229838703937
0.108694140178627
0.0305051863224836
-0.0573399744013142
-0.144573700389055
-0.231079720933186
-0.319026012273686
-0.394348003739924
-0.461965376045649
-0.523361853465313
-0.576975970489437
-0.632650324523317
-0.681749931173567
-0.727136069821385
-0.773582298366991
-0.813873581967282
-0.845687371741908
-0.871951144178153
-0.894116295245869
-0.920586667113374
-0.953349847207879
-0.980041114953247
-1.00195913767255
-1.02225866604405
-1.04160898542353
-1.06286312043804
-1.08197255717089
-1.10254172890762
-1.12375871449228
-1.13766535019079
-1.14476785031877
-1.15509855241593
-1.16625789675175
-1.17612497424783
-1.17743591935725
-1.16343284906064
-1.12890672211787
-1.06989879353305
-0.997469886721089
-0.918633597299714
-0.830429982744949
-0.735119995386024
-0.643590038413901
-0.555670641350085
-0.460787996633140
-0.365137295938444
-0.268045220066390
-0.164387373296006
-0.0638350914713108
0.0366274550227664
0.143414786393891
0.242858979431430
0.339026749011096
0.431394462022927
0.497521559275937
0.523815449188524
0.511361070702671
0.468474219079267
0.393565628279516
0.309716914675993
0.259516779665792
0.257006986694856
0.296873018309270
0.356871117848752
0.427866960818506
0.483091543572909
0.495303529655098
0.470897417628601
0.406791117662174
0.317863254649563
0.207620353771973
0.0944834490686248
-0.00951979053354565
-0.122333357743483
-0.230673583014714
-0.321830261781805
-0.398429798278929
-0.450647293139709
-0.477367765536224
-0.475306431510483
-0.448562143811560
-0.401681549453771
-0.339142713116807
-0.261050507745566
-0.174233142822649
-0.0849815159942550
-0.00499274167300299
0.0681646509577314
0.139604495665809
0.203989591875150
0.268570238201121
0.330688766362304
0.383918756254908
0.427920094374488
0.461049890945016
0.476503595068988
0.470753560858763
0.441367849848856
0.394436378583602
0.332505664334276
0.254558684998042
0.176147263634729
0.0928255012519812
0.000266754674313111
-0.0867994189237205
-0.174111015326766
-0.261388131451111
-0.335837011011836
-0.406293360179233
-0.469795703561914
-0.519812021875807
-0.564667233959818
-0.605036221606801
-0.642143211378195
-0.678986698506463
-0.706831978644692
-0.726936126730922
-0.743458563876229
-0.752530117023099
-0.744740192564565
-0.723246755515206
-0.694597767389741
-0.661745434721987
-0.622450587261117
-0.578448885361060