0.0334146000000000
0.0668292000000000
0.100243900000000
0.133658500000000
0.167073200000000
0.200487800000000
0.233902400000000
0.267317100000000
0.300731700000000
0.334146400000000
0.367561000000000
0.400975700000000
0.434390300000000
0.467804900000000
0.501219600000000
0.534634200000000
0.568048900000000
0.601463500000000
0.634878200000000
0.668292800000000
0.701707400000000
0.735122100000000
0.768536700000000
0.801951400000000
0.835366000000000
0.868780600000000
0.902195300000000
0.935609900000000
0.969024600000000
1.00243920000000
1.03585390000000
1.06926850000000
1.10268310000000
1.13609780000000
1.16951240000000
1.20292710000000
1.23634170000000
1.26975640000000
1.30317100000000
1.33658560000000
1.37000030000000
1.40341490000000
1.43682960000000
1.47024420000000
1.50365890000000
1.53707350000000
1.57048810000000
1.60390280000000
1.63731740000000
1.67073210000000
1.70414670000000
1.73756130000000
1.77097600000000
1.80439060000000
1.83780530000000
1.87121990000000
1.90463460000000
1.93804920000000
1.97146380000000
2.00487850000000
2.03829310000000
2.07170780000000
2.10512240000000
2.13853710000000
2.17195170000000
2.20536630000000
2.23878100000000
2.27219560000000
2.30561030000000
2.33902490000000
2.37243960000000
2.40585420000000
2.43926880000000
2.47268350000000
2.50609810000000
2.53951280000000
2.57292740000000
2.60634200000000
2.63975670000000
2.67317130000000
2.70658600000000
2.74000060000000
2.77341530000000
2.80682990000000
2.84024450000000
2.87365920000000
2.90707380000000
2.94048850000000
2.97390310000000
3.00731780000000
3.04073240000000
3.07414700000000
3.10756170000000
3.14097630000000
3.17439100000000
3.20780560000000
3.24122030000000
3.27463490000000
3.30804950000000
3.34146420000000
3.37487880000000
3.40829350000000
3.44170810000000
3.47512270000000
3.50853740000000
3.54195200000000
3.57536670000000
3.60878130000000
3.64219600000000
3.67561060000000
3.70902520000000
3.74243990000000
3.77585450000000
3.80926920000000
3.84268380000000
3.87609850000000
3.90951310000000
3.94292770000000
3.97634240000000
4.00975700000000
4.04317170000000
4.07658630000000
4.11000100000000
4.14341560000000
4.17683020000000
4.21024490000000
4.24365950000000
4.27707420000000
4.31048880000000
4.34390340000000
4.37731810000000
4.41073270000000
4.44414740000000
4.47756200000000
4.51097670000000
4.54439130000000
4.57780590000000
4.61122060000000
4.64463520000000
4.67804990000000
4.71146450000000
4.74487920000000
4.77829380000000
4.81170840000000
4.84512310000000
4.87853770000000
4.91195240000000
4.94536700000000
4.97878170000000
5.01219630000000
5.04561090000000
5.07902560000000
5.11244020000000
5.14585490000000
5.17926950000000
5.21268410000000
5.24609880000000
5.27951340000000
5.31292810000000
5.34634270000000
5.37975740000000
5.41317200000000
5.44658660000000
5.48000130000000
5.51341590000000
5.54683060000000
5.58024520000000
5.61365990000000
5.64707450000000
5.68048910000000
5.71390380000000
5.74731840000000
5.78073310000000
5.81414770000000
5.84756240000000
5.88097700000000
5.91439160000000
5.94780630000000
5.98122090000000
6.01463560000000
6.04805020000000
6.08146480000000
6.11487950000000
6.14829410000000
6.18170880000000
6.21512340000000
6.24853810000000
6.28195270000000
6.31536730000000
6.34878200000000
6.38219660000000
6.41561130000000
6.44902590000000
6.48244060000000
6.51585520000000
6.54926980000000
6.58268450000000
6.61609910000000
6.64951380000000
6.68292840000000
6.71634310000000
6.74975770000000
6.78317230000000
6.81658700000000
6.85000160000000
6.88341630000000
6.91683090000000
6.95024550000000
6.98366020000000
7.01707480000000
7.05048950000000
7.08390410000000
7.11731880000000
7.15073340000000
7.18414800000000
7.21756270000000
7.25097730000000
7.28439200000000
7.31780660000000
7.35122130000000
7.38463590000000
7.41805050000000
7.45146520000000
7.48487980000000
7.51829450000000
7.55170910000000
7.58512380000000
7.61853840000000
7.65195300000000
7.68536770000000
7.71878230000000
7.75219700000000
7.78561160000000
7.81902620000000
7.85244090000000
7.88585550000000
7.91927020000000
7.95268480000000
7.98609950000000
8.01951410000000
8.05292870000000
8.08634340000000
8.11975800000000
8.15317270000000
8.18658730000000
8.22000200000000
8.25341660000000
8.28683120000000
8.32024590000000
8.35366050000000
8.38707520000000
8.42048980000000
8.45390450000000
8.48731910000000
8.52073370000000
8.55414840000000
8.58756300000000
8.62097770000000
8.65439230000000
8.68780690000000
8.72122160000000
8.75463620000000
8.78805090000000
8.82146550000000
8.85488020000000
8.88829480000000
8.92170940000000
8.95512410000000
8.98853870000000
9.02195340000000
9.05536800000000
9.08878270000000
9.12219730000000
9.15561190000000
9.18902660000000
9.22244120000000
9.25585590000000
9.28927050000000
9.32268520000000
9.35609980000000
9.38951440000000
9.42292910000000
9.45634370000000
9.48975840000000
9.52317300000000
9.55658760000000
9.59000230000000
9.62341690000000
9.65683160000000
9.69024620000000
9.72366090000000
9.75707550000000
9.79049010000000
9.82390480000000
9.85731940000000
9.89073410000000
9.92414870000000
9.95756340000000
9.99097800000000
10.0243926000000
10.0578073000000
10.0912219000000
10.1246366000000
10.1580512000000
10.1914659000000
10.2248805000000
10.2582951000000
10.2917098000000
10.3251244000000
10.3585391000000
10.3919537000000
10.4253683000000
10.4587830000000
10.4921976000000
10.5256123000000
10.5590269000000
10.5924416000000
10.6258562000000
10.6592708000000
10.6926855000000
10.7261001000000
10.7595148000000
10.7929294000000
10.8263441000000
10.8597587000000
10.8931733000000
10.9265880000000
10.9600026000000
10.9934173000000
11.0268319000000
11.0602466000000
11.0936612000000
11.1270758000000
11.1604905000000
11.1939051000000
11.2273198000000
11.2607344000000
11.2941490000000
11.3275637000000
11.3609783000000
11.3943930000000
11.4278076000000
11.4612223000000
11.4946369000000
11.5280515000000
11.5614662000000
11.5948808000000
11.6282955000000
11.6617101000000
11.6951248000000
11.7285394000000
11.7619540000000
11.7953687000000
11.8287833000000
11.8621980000000
11.8956126000000
11.9290272000000
11.9624419000000
11.9958565000000
12.0292712000000
12.0626858000000
12.0961005000000
12.1295151000000
12.1629297000000
12.1963444000000
12.2297590000000
12.2631737000000
12.2965883000000
12.3300030000000
12.3634176000000
12.3968322000000
12.4302469000000
12.4636615000000
12.4970762000000
12.5304908000000
12.5639055000000
12.5973201000000
12.6307347000000
12.6641494000000
12.6975640000000
12.7309787000000
12.7643933000000
12.7978079000000
12.8312226000000
12.8646372000000
12.8980519000000
12.9314665000000
12.9648812000000
12.9982958000000
13.0317104000000
13.0651251000000
13.0985397000000
13.1319544000000
13.1653690000000
13.1987837000000
13.2321983000000
13.2656129000000
13.2990276000000
13.3324422000000
13.3658569000000
13.3992715000000
13.4326862000000
13.4661008000000
13.4995154000000
13.5329301000000
13.5663447000000
13.5997594000000
13.6331740000000
13.6665886000000
13.7000033000000
13.7334179000000
13.7668326000000
13.8002472000000
13.8336619000000
13.8670765000000
13.9004911000000
13.9339058000000
13.9673204000000
14.0007351000000
14.0341497000000
14.0675644000000
14.1009790000000
14.1343936000000
14.1678083000000
14.2012229000000
14.2346376000000
14.2680522000000
14.3014669000000
14.3348815000000
14.3682961000000
14.4017108000000
14.4351254000000
14.4685401000000
14.5019547000000
14.5353693000000
14.5687840000000
14.6021986000000
14.6356133000000
14.6690279000000
14.7024426000000
14.7358572000000
14.7692718000000
14.8026865000000
14.8361011000000
14.8695158000000
14.9029304000000
14.9363451000000
14.9697597000000
15.0031743000000
15.0365890000000
15.0700036000000
15.1034183000000
15.1368329000000
15.1702476000000
15.2036622000000
15.2370768000000
15.2704915000000
15.3039061000000
15.3373208000000
15.3707354000000
15.4041500000000
15.4375647000000
15.4709793000000
15.5043940000000
15.5378086000000
15.5712233000000
15.6046379000000
15.6380525000000
15.6714672000000
15.7048818000000
15.7382965000000
15.7717111000000
15.8051258000000
15.8385404000000
15.8719550000000
15.9053697000000
15.9387843000000
15.9721990000000
16.0056136000000
16.0390283000000
16.0724429000000
16.1058575000000
16.1392722000000
16.1726868000000
16.2061015000000
16.2395161000000
16.2729307000000
16.3063454000000
16.3397600000000
16.3731747000000
16.4065893000000
16.4400040000000
16.4734186000000
16.5068332000000
16.5402479000000
16.5736625000000
16.6070772000000
16.6404918000000
16.6739065000000
16.7073211000000
16.7407357000000
16.7741504000000
16.8075650000000
16.8409797000000
16.8743943000000
16.9078090000000
16.9412236000000
16.9746382000000
17.0080529000000
17.0414675000000
17.0748822000000
17.1082968000000
17.1417114000000
17.1751261000000
17.2085407000000
17.2419554000000
17.2753700000000
17.3087847000000
17.3421993000000
17.3756139000000
17.4090286000000
17.4424432000000
17.4758579000000
17.5092725000000
17.5426872000000
17.5761018000000
17.6095164000000
17.6429311000000
17.6763457000000
17.7097604000000
17.7431750000000
17.7765897000000
17.8100043000000
17.8434189000000
17.8768336000000
17.9102482000000
17.9436629000000
17.9770775000000
18.0104921000000
18.0439068000000
18.0773214000000
18.1107361000000
18.1441507000000
18.1775654000000
18.2109800000000
18.2443946000000
18.2778093000000
18.3112239000000
18.3446386000000
18.3780532000000
18.4114679000000
18.4448825000000
18.4782971000000
18.5117118000000
18.5451264000000
18.5785411000000
18.6119557000000
18.6453704000000
18.6787850000000
18.7121996000000
18.7456143000000
18.7790289000000
18.8124436000000
18.8458582000000
18.8792728000000
18.9126875000000
18.9461021000000
18.9795168000000
19.0129314000000
19.0463461000000
19.0797607000000
19.1131753000000
19.1465900000000
19.1800046000000
19.2134193000000
19.2468339000000
19.2802486000000
19.3136632000000
19.3470778000000
19.3804925000000
19.4139071000000
19.4473218000000
19.4807364000000
19.5141511000000
19.5475657000000
19.5809803000000
19.6143950000000
19.6478096000000
19.6812243000000
19.7146389000000
19.7480535000000
19.7814682000000
19.8148828000000
19.8482975000000
19.8817121000000
19.9151268000000
19.9485414000000
19.9819560000000
20.0153707000000
20.0487853000000
20.0822000000000
20.1156146000000
20.1490293000000
20.1824439000000
20.2158585000000
20.2492732000000
20.2826878000000
20.3161025000000
20.3495171000000
20.3829318000000
20.4163464000000
20.4497610000000
20.4831757000000
20.5165903000000
20.5500050000000
20.5834196000000
20.6168342000000
20.6502489000000
20.6836635000000
20.7170782000000
20.7504928000000
20.7839075000000
20.8173221000000
20.8507367000000
20.8841514000000
20.9175660000000
20.9509807000000
20.9843953000000
21.0178100000000
21.0512246000000
21.0846392000000
21.1180539000000
21.1514685000000
21.1848832000000
21.2182978000000
21.2517125000000
21.2851271000000
21.3185417000000
21.3519564000000
21.3853710000000
21.4187857000000
21.4522003000000
21.4856149000000
21.5190296000000
21.5524442000000
21.5858589000000
21.6192735000000
21.6526882000000
21.6861028000000
21.7195174000000
21.7529321000000
21.7863467000000
21.8197614000000
21.8531760000000
21.8865907000000
21.9200053000000
21.9534199000000
21.9868346000000
22.0202492000000
22.0536639000000
22.0870785000000
22.1204932000000
22.1539078000000
22.1873224000000
22.2207371000000
22.2541517000000
22.2875664000000
22.3209810000000
22.3543956000000
22.3878103000000
22.4212249000000
22.4546396000000
22.4880542000000
22.5214689000000
22.5548835000000
22.5882981000000
22.6217128000000
22.6551274000000
22.6885421000000
22.7219567000000
22.7553714000000
22.7887860000000
22.8222006000000
22.8556153000000
22.8890299000000
22.9224446000000
22.9558592000000
22.9892738000000
23.0226885000000
23.0561031000000
23.0895178000000
23.1229324000000
23.1563471000000
23.1897617000000
23.2231763000000
23.2565910000000
23.2900056000000
23.3234203000000
23.3568349000000
23.3902496000000
23.4236642000000
23.4570788000000
23.4904935000000
23.5239081000000
23.5573228000000
23.5907374000000
23.6241521000000
23.6575667000000
23.6909813000000
23.7243960000000
23.7578106000000
23.7912253000000
23.8246399000000
23.8580545000000
23.8914692000000
23.9248838000000
23.9582985000000
23.9917131000000
24.0251278000000
24.0585424000000
24.0919570000000
24.1253717000000
24.1587863000000
24.1922010000000
24.2256156000000
24.2590303000000
24.2924449000000
24.3258595000000
24.3592742000000
24.3926888000000
24.4261035000000
24.4595181000000
24.4929328000000
24.5263474000000
24.5597620000000
24.5931767000000
24.6265913000000
24.6600060000000
24.6934206000000
24.7268352000000
24.7602499000000
24.7936645000000
24.8270792000000
24.8604938000000
24.8939085000000
24.9273231000000
24.9607377000000
24.9941524000000
25.0275670000000
25.0609817000000
25.0943963000000
25.1278110000000
25.1612256000000
25.1946402000000
25.2280549000000
25.2614695000000
25.2948842000000
25.3282988000000
25.3617135000000
25.3951281000000
25.4285427000000
25.4619574000000
25.4953720000000
25.5287867000000
25.5622013000000
25.5956159000000
25.6290306000000
25.6624452000000
25.6958599000000
25.7292745000000
25.7626892000000
25.7961038000000
25.8295184000000
25.8629331000000
25.8963477000000
25.9297624000000
25.9631770000000
25.9965917000000
26.0300063000000
26.0634209000000
26.0968356000000
26.1302502000000
26.1636649000000
26.1970795000000
26.2304942000000
26.2639088000000
26.2973234000000
26.3307381000000
26.3641527000000
26.3975674000000
26.4309820000000
26.4643966000000
26.4978113000000
26.5312259000000
26.5646406000000
26.5980552000000
26.6314699000000
26.6648845000000
26.6982991000000
26.7317138000000
26.7651284000000
26.7985431000000
26.8319577000000
26.8653724000000
26.8987870000000
26.9322016000000
26.9656163000000
26.9990309000000
27.0324456000000
27.0658602000000
27.0992749000000
27.1326895000000
27.1661041000000
27.1995188000000
27.2329334000000
27.2663481000000
27.2997627000000
27.3331773000000
27.3665920000000
27.4000066000000
27.4334213000000
27.4668359000000
27.5002506000000
27.5336652000000
27.5670798000000
27.6004945000000
27.6339091000000
27.6673238000000
27.7007384000000
27.7341531000000
27.7675677000000
27.8009823000000
27.8343970000000
27.8678116000000
27.9012263000000
27.9346409000000
27.9680556000000
28.0014702000000
28.0348848000000
28.0682995000000
28.1017141000000
28.1351288000000
28.1685434000000
28.2019580000000
28.2353727000000
28.2687873000000
28.3022020000000
28.3356166000000
28.3690313000000
28.4024459000000
28.4358605000000
28.4692752000000
28.5026898000000
28.5361045000000
28.5695191000000
28.6029338000000
28.6363484000000
28.6697630000000
28.7031777000000
28.7365923000000
28.7700070000000
28.8034216000000
28.8368363000000
28.8702509000000
28.9036655000000
28.9370802000000
28.9704948000000
29.0039095000000
29.0373241000000
29.0707387000000
29.1041534000000
29.1375680000000
29.1709827000000
29.2043973000000
29.2378120000000
29.2712266000000
29.3046412000000
29.3380559000000
29.3714705000000
29.4048852000000
29.4382998000000
29.4717145000000
29.5051291000000
29.5385437000000
29.5719584000000
29.6053730000000
29.6387877000000
29.6722023000000
29.7056170000000
29.7390316000000
29.7724462000000
29.8058609000000
29.8392755000000
29.8726902000000
29.9061048000000
29.9395194000000
29.9729341000000
30.0063487000000
30.0397634000000
30.0731780000000
30.1065927000000
30.1400073000000
30.1734219000000
30.2068366000000
30.2402512000000
30.2736659000000
30.3070805000000
30.3404952000000
30.3739098000000
30.4073244000000
30.4407391000000
30.4741537000000
30.5075684000000
30.5409830000000
30.5743977000000
30.6078123000000
30.6412269000000
30.6746416000000
30.7080562000000
30.7414709000000
30.7748855000000
30.8083001000000
30.8417148000000
30.8751294000000
30.9085441000000
30.9419587000000
30.9753734000000
31.0087880000000
31.0422026000000
31.0756173000000
31.1090319000000
31.1424466000000
31.1758612000000
31.2092759000000
31.2426905000000
31.2761051000000
31.3095198000000
31.3429344000000
31.3763491000000
31.4097637000000
31.4431784000000
31.4765930000000
31.5100076000000
31.5434223000000
31.5768369000000
31.6102516000000
31.6436662000000
31.6770808000000
31.7104955000000
31.7439101000000
31.7773248000000
31.8107394000000
31.8441541000000
31.8775687000000
31.9109833000000
31.9443980000000
31.9778126000000
32.0112273000000
32.0446419000000
32.0780566000000
32.1114712000000
32.1448858000000
32.1783005000000
32.2117151000000
32.2451298000000
32.2785444000000
32.3119591000000
32.3453737000000
32.3787883000000
32.4122030000000
32.4456176000000
32.4790323000000
32.5124469000000
32.5458615000000
32.5792762000000
32.6126908000000
32.6461055000000
32.6795201000000
32.7129348000000
32.7463494000000
32.7797640000000
32.8131787000000
32.8465933000000
32.8800080000000
32.9134226000000
32.9468373000000
32.9802519000000
33.0136665000000
33.0470812000000
33.0804958000000
33.1139105000000
33.1473251000000
33.1807398000000
33.2141544000000
33.2475690000000
33.2809837000000
33.3143983000000
33.3478130000000
33.3812276000000
33.4146422000000
33.4480569000000
33.4814715000000
33.5148862000000
33.5483008000000
33.5817155000000
33.6151301000000
33.6485447000000
33.6819594000000
33.7153740000000
33.7487887000000
33.7822033000000
33.8156180000000
33.8490326000000
33.8824472000000
33.9158619000000
33.9492765000000
33.9826912000000
34.0161058000000
34.0495204000000
34.0829351000000
34.1163497000000
34.1497644000000
34.1831790000000
34.2165937000000
34.2500083000000
34.2834229000000
34.3168376000000
34.3502522000000
34.3836669000000
34.4170815000000
34.4504962000000
34.4839108000000
34.5173254000000
34.5507401000000
34.5841547000000
34.6175694000000
34.6509840000000
34.6843987000000
34.7178133000000
34.7512279000000
34.7846426000000
34.8180572000000
34.8514719000000
34.8848865000000
34.9183011000000
34.9517158000000
34.9851304000000
35.0185451000000
35.0519597000000
35.0853744000000
35.1187890000000
35.1522036000000
35.1856183000000
35.2190329000000
35.2524476000000
35.2858622000000
35.3192769000000
35.3526915000000
35.3861061000000
35.4195208000000
35.4529354000000
35.4863501000000
35.5197647000000
35.5531794000000
35.5865940000000
35.6200086000000
35.6534233000000
35.6868379000000
35.7202526000000
35.7536672000000
35.7870818000000
35.8204965000000
35.8539111000000
35.8873258000000
35.9207404000000
35.9541551000000
35.9875697000000
36.0209843000000
36.0543990000000
36.0878136000000
36.1212283000000
36.1546429000000
36.1880576000000
36.2214722000000
36.2548868000000
36.2883015000000
36.3217161000000
36.3551308000000
36.3885454000000
36.4219601000000
36.4553747000000
36.4887893000000
36.5222040000000
36.5556186000000
36.5890333000000
36.6224479000000
36.6558625000000
36.6892772000000
36.7226918000000
36.7561065000000
36.7895211000000
36.8229358000000
36.8563504000000
36.8897650000000
36.9231797000000
36.9565943000000
36.9900090000000
37.0234236000000
37.0568383000000
37.0902529000000
37.1236675000000
37.1570822000000
37.1904968000000
37.2239115000000
37.2573261000000
37.2907408000000
37.3241554000000
37.3575700000000
37.3909847000000
37.4243993000000
37.4578140000000
37.4912286000000
37.5246432000000
37.5580579000000
37.5914725000000
37.6248872000000
37.6583018000000
37.6917165000000
37.7251311000000
37.7585457000000
37.7919604000000
37.8253750000000
37.8587897000000
37.8922043000000
37.9256190000000
37.9590336000000
37.9924482000000
38.0258629000000
38.0592775000000
38.0926922000000
38.1261068000000
38.1595215000000
38.1929361000000
38.2263507000000
38.2597654000000
38.2931800000000
38.3265947000000
38.3600093000000
38.3934239000000
38.4268386000000
38.4602532000000
38.4936679000000
38.5270825000000
38.5604972000000
38.5939118000000
38.6273264000000
38.6607411000000
38.6941557000000
38.7275704000000
38.7609850000000
38.7943997000000
38.8278143000000
38.8612289000000
38.8946436000000
38.9280582000000
38.9614729000000
38.9948875000000
39.0283022000000
39.0617168000000
39.0951314000000
39.1285461000000
39.1619607000000
39.1953754000000
39.2287900000000
39.2622046000000
39.2956193000000
39.3290339000000
39.3624486000000
39.3958632000000
39.4292779000000
39.4626925000000
39.4961071000000
39.5295218000000
39.5629364000000
39.5963511000000
39.6297657000000
39.6631804000000
39.6965950000000
39.7300096000000
39.7634243000000
39.7968389000000
39.8302536000000
39.8636682000000
39.8970829000000
39.9304975000000
39.9639121000000
39.9973268000000
40.0307414000000
40.0641561000000
40.0975707000000
40.1309853000000
40.1644000000000
40.1978146000000
40.2312293000000
40.2646439000000
40.2980586000000
40.3314732000000
40.3648878000000
40.3983025000000
40.4317171000000
40.4651318000000
40.4985464000000
40.5319611000000
40.5653757000000
40.5987903000000
40.6322050000000
40.6656196000000
40.6990343000000
40.7324489000000
40.7658636000000
40.7992782000000
40.8326928000000
40.8661075000000
40.8995221000000
40.9329368000000
40.9663514000000
40.9997660000000
41.0331807000000